# 1:t 2:x 3:y 4:z 5:P 6:Pmac 7:U 8:V 9:DU
125.754 0 -0.5 0 0.0362639 0.0348084 0 0 -1.12848e-07
125.754 0 -0.49 0 0.0362062 0.0350974 -0.0547703 0.000177981 -1.49404e-07
125.754 0 -0.48 0 0.0360652 0.0354085 -0.104979 -0.00025989 -1.87515e-07
125.754 0 -0.47 0 0.0358171 0.035748 -0.149322 -0.00148957 -2.27624e-07
125.754 0 -0.46 0 0.0352403 0.0353859 -0.189395 -0.00355688 -2.19188e-07
125.754 0 -0.45 0 0.0344345 0.0346079 -0.228172 -0.00574605 -1.9244e-07
125.754 0 -0.44 0 0.0332281 0.0331353 -0.265437 -0.00794009 -1.4066e-07
125.754 0 -0.43 0 0.0314546 0.030972 -0.300148 -0.00976781 -7.18594e-08
125.754 0 -0.42 0 0.0293354 0.0284067 -0.332786 -0.0113508 4.98599e-09
125.754 0 -0.41 0 0.0265372 0.025097 -0.360127 -0.0124023 9.21059e-08
125.754 0 -0.4 0 0.0232587 0.0213207 -0.381705 -0.0130556 1.80828e-07
125.754 0 -0.39 0 0.0196569 0.0172382 -0.399184 -0.0134371 2.70098e-07
125.754 0 -0.38 0 0.0155287 0.0127607 -0.407012 -0.0133267 3.53164e-07
125.754 0 -0.37 0 0.0112647 0.00825025 -0.410147 -0.0130534 4.30254e-07
125.754 0 -0.36 0 0.0068649 0.00370691 -0.408588 -0.0126172 5.01368e-07
125.754 0 -0.35 0 0.00246903 -0.000650705 -0.400538 -0.0120678 5.61045e-07
125.754 0 -0.34 0 -0.00185376 -0.00487773 -0.390611 -0.0115206 6.16583e-07
125.754 0 -0.33 0 -0.00605519 -0.00890773 -0.378277 -0.0109899 6.6649e-07
125.754 0 -0.32 0 -0.010031 -0.0126834 -0.365013 -0.0105238 7.11914e-07
125.754 0 -0.31 0 -0.0138848 -0.0163364 -0.351679 -0.0100863 7.55269e-07
125.754 0 -0.3 0 -0.0175287 -0.0197979 -0.338782 -0.00969018 7.95526e-07
125.754 0 -0.29 0 -0.021006 -0.0231232 -0.326748 -0.00929062 8.32204e-07
125.754 0 -0.28 0 -0.0243826 -0.0263658 -0.315255 -0.00888234 8.66334e-07
125.754 0 -0.27 0 -0.0275854 -0.0294636 -0.304795 -0.00842386 8.94005e-07
125.754 0 -0.26 0 -0.0306953 -0.0324931 -0.29477 -0.00791864 9.16621e-07
125.754 0 -0.25 0 -0.0337329 -0.0354696 -0.285083 -0.00737708 9.35306e-07
125.754 0 -0.24 0 -0.0366225 -0.0383247 -0.275746 -0.00675019 9.44825e-07
125.754 0 -0.23 0 -0.0394489 -0.0411119 -0.266436 -0.0060923 9.50789e-07
125.754 0 -0.22 0 -0.0421942 -0.043812 -0.257161 -0.00539454 9.52182e-07
125.754 0 -0.21 0 -0.044812 -0.0463773 -0.247825 -0.00465042 9.47766e-07
125.754 0 -0.2 0 -0.0473651 -0.0488749 -0.238449 -0.00388723 9.40825e-07
125.754 0 -0.19 0 -0.0498156 -0.0512658 -0.229007 -0.0030967 9.30157e-07
125.754 0 -0.18 0 -0.0521517 -0.0535399 -0.21951 -0.00228268 9.15913e-07
125.754 0 -0.17 0 -0.0544207 -0.0557459 -0.209985 -0.00145573 8.99613e-07
125.754 0 -0.16 0 -0.0565639 -0.0578255 -0.200427 -0.000606589 8.79571e-07
125.754 0 -0.15 0 -0.0586097 -0.0598077 -0.19086 0.000258515 8.56598e-07
125.754 0 -0.14 0 -0.0605873 -0.0617218 -0.181287 0.00113474 8.31567e-07
125.754 0 -0.13 0 -0.0624182 -0.0634899 -0.171713 0.00203412 8.02044e-07
125.754 0 -0.12 0 -0.0641709 -0.0651799 -0.162141 0.00294544 7.70135e-07
125.754 0 -0.11 0 -0.0658452 -0.0667917 -0.152572 0.00386872 7.35839e-07
125.754 0 -0.1 0 -0.0673729 -0.0682555 -0.143006 0.0048133 6.97242e-07
125.754 0 -0.09 0 -0.0688322 -0.0696489 -0.13344 0.00576736 6.56761e-07
125.754 0 -0.08 0 -0.0701937 -0.0709413 -0.123873 0.00673486 6.13616e-07
125.754 0 -0.07 0 -0.0714279 -0.0721247 -0.114301 0.00771847 5.67353e-07
125.754 0 -0.06 0 -0.0725934 -0.0732494 -0.104725 0.00871011 5.19525e-07
125.754 0 -0.05 0 -0.0736412 -0.0742732 -0.0951375 0.00971468 4.69155e-07
125.754 0 -0.04 0 -0.0745814 -0.0751858 -0.0855351 0.0107298 4.16802e-07
125.754 0 -0.03 0 -0.075453 -0.0760283 -0.0759223 0.0117514 3.63255e-07
125.754 0 -0.02 0 -0.0761876 -0.0767331 -0.066285 0.0127849 3.07663e-07
125.754 0 -0.01 0 -0.0768341 -0.07735 -0.0566277 0.0138247 2.51052e-07
125.754 0 0 0 -0.0774121 -0.0778987 -0.046955 0.0148695 1.9365e-07
125.754 0 0.01 0 -0.0778338 -0.078292 -0.0372393 0.0159226 1.34989e-07
125.754 0 0.02 0 -0.0781871 -0.0786172 -0.0275015 0.0169785 7.60261e-08
125.754 0 0.03 0 -0.0784526 -0.0788552 -0.0177353 0.0180381 1.66755e-08
125.754 0 0.04 0 -0.0785824 -0.0789563 -0.00791834 0.0190991 -4.27594e-08
125.754 0 0.05 0 -0.0786448 -0.0789895 0.00192717 0.0201599 -1.02053e-07
125.754 0 0.06 0 -0.0786015 -0.078916 0.0118196 0.0212199 -1.6101e-07
125.754 0 0.07 0 -0.0784434 -0.0787268 0.0217716 0.0222765 -2.1918e-07
125.754 0 0.08 0 -0.0782185 -0.0784716 0.0317604 0.0233301 -2.76781e-07
125.754 0 0.09 0 -0.0778702 -0.0780983 0.0418224 0.0243754 -3.33053e-07
125.754 0 0.1 0 -0.077428 -0.0776361 0.0519488 0.0254121 -3.87906e-07
125.754 0 0.11 0 -0.0769204 -0.0771115 0.0621212 0.0264424 -4.41726e-07
125.754 0 0.12 0 -0.0762737 -0.0764472 0.0724024 0.0274538 -4.92839e-07
125.754 0 0.13 0 -0.0755542 -0.075709 0.0827478 0.028452 -5.42208e-07
125.754 0 0.14 0 -0.074762 -0.0748969 0.0931576 0.029437 -5.89834e-07
125.754 0 0.15 0 -0.0738361 -0.0739484 0.1037 0.0303906 -6.33618e-07
125.754 0 0.16 0 -0.0728494 -0.0729374 0.11431 0.0313268 -6.75386e-07
125.754 0 0.17 0 -0.0717759 -0.0718373 0.125017 0.0322372 -7.14218e-07
125.754 0 0.18 0 -0.0705933 -0.0706245 0.135861 0.0331072 -7.48772e-07
125.754 0 0.19 0 -0.0693532 -0.0693524 0.146783 0.0339529 -7.8089e-07
125.754 0 0.2 0 -0.0680166 -0.0679805 0.157843 0.0347541 -8.08661e-07
125.754 0 0.21 0 -0.0665955 -0.06652 0.16904 0.0355073 -8.32145e-07
125.754 0 0.22 0 -0.0651217 -0.0650034 0.180328 0.0362286 -8.5286e-07
125.754 0 0.23 0 -0.0635464 -0.0633764 0.191809 0.0368792 -8.67852e-07
125.754 0 0.24 0 -0.0619105 -0.0616814 0.203432 0.0374781 -8.79086e-07
125.754 0 0.25 0 -0.0602275 -0.0599334 0.215165 0.0380369 -8.87397e-07
125.754 0 0.26 0 -0.0584455 -0.0580716 0.227189 0.0384936 -8.89087e-07
125.754 0 0.27 0 -0.0566246 -0.0561634 0.239363 0.0389018 -8.8798e-07
125.754 0 0.28 0 -0.0547536 -0.0541956 0.251729 0.0392476 -8.83275e-07
125.754 0 0.29 0 -0.0528139 -0.0521424 0.264445 0.0394896 -8.73262e-07
125.754 0 0.3 0 -0.0508435 -0.050049 0.277346 0.0396773 -8.60704e-07
125.754 0 0.31 0 -0.0488273 -0.0478941 0.290548 0.0397781 -8.44214e-07
125.754 0 0.32 0 -0.0467716 -0.0456776 0.304066 0.0397762 -8.2366e-07
125.754 0 0.33 0 -0.0446963 -0.0434267 0.317747 0.0397111 -8.00785e-07
125.754 0 0.34 0 -0.0425929 -0.041116 0.331674 0.0395203 -7.73725e-07
125.754 0 0.35 0 -0.0404836 -0.0387671 0.345615 0.0392151 -7.43663e-07
125.754 0 0.36 0 -0.0383723 -0.0363925 0.359536 0.0388269 -7.11537e-07
125.754 0 0.37 0 -0.0362852 -0.0339795 0.373025 0.0382251 -6.7548e-07
125.754 0 0.38 0 -0.0342342 -0.0315637 0.385934 0.0374833 -6.37852e-07
125.754 0 0.39 0 -0.0322195 -0.0291454 0.398263 0.0366014 -5.98653e-07
125.754 0 0.4 0 -0.0303304 -0.0267698 0.4087 0.0353879 -5.57901e-07
125.754 0 0.41 0 -0.0285241 -0.0244418 0.417967 0.0339991 -5.169e-07
125.754 0 0.42 0 -0.0268421 -0.0221882 0.425498 0.032355 -4.75658e-07
125.754 0 0.43 0 -0.0253839 -0.0200605 0.431249 0.0302181 -4.33286e-07
125.754 0 0.44 0 -0.0240523 -0.0179992 0.437742 0.0277481 -3.88899e-07
125.754 0 0.45 0 -0.0229456 -0.0160503 0.447687 0.0246203 -3.39254e-07
125.754 0 0.46 0 -0.0220748 -0.0140603 0.477249 0.020206 -2.81244e-07
125.754 0 0.47 0 -0.0213331 -0.012126 0.524973 0.0150676 -2.18815e-07
125.754 0 0.48 0 -0.0207452 -0.0107134 0.637413 0.00895371 -1.52066e-07
125.754 0 0.49 0 -0.0203144 -0.00990446 0.799428 0.00401849 -1.04549e-07
