# 1:t 2:x 3:y 4:z 5:P 6:Pmac 7:U 8:V 9:DU
18.4531 0 -0.5 0 0.00907916 0.00876019 0 0 3.67141e-08
18.4531 0 -0.49 0 0.00907761 0.00876391 -0.00735274 2.21191e-06 5.95715e-08
18.4531 0 -0.48 0 0.00907425 0.00877035 -0.014498 2.6743e-06 9.21581e-08
18.4531 0 -0.47 0 0.00906855 0.00878028 -0.0213766 8.87314e-07 1.37253e-07
18.4531 0 -0.46 0 0.00905764 0.00879329 -0.02791 -7.42684e-06 1.81281e-07
18.4531 0 -0.45 0 0.00904357 0.00880684 -0.0342929 -1.95451e-05 2.24773e-07
18.4531 0 -0.44 0 0.00902421 0.00882062 -0.0404532 -3.79809e-05 2.67426e-07
18.4531 0 -0.43 0 0.00899734 0.00883196 -0.0464157 -6.28227e-05 3.09117e-07
18.4531 0 -0.42 0 0.00896556 0.00884115 -0.0522727 -9.08559e-05 3.50229e-07
18.4531 0 -0.41 0 0.00892326 0.00884452 -0.0579577 -0.000123466 3.90222e-07
18.4531 0 -0.4 0 0.00887071 0.00884077 -0.063539 -0.000156481 4.29279e-07
18.4531 0 -0.39 0 0.00881072 0.00883173 -0.0690503 -0.000189344 4.67672e-07
18.4531 0 -0.38 0 0.00873161 0.0088076 -0.0744432 -0.000216295 5.04524e-07
18.4531 0 -0.37 0 0.00864007 0.00877281 -0.0797899 -0.000235672 5.4047e-07
18.4531 0 -0.36 0 0.00853608 0.00872737 -0.0850903 -0.000247473 5.7551e-07
18.4531 0 -0.35 0 0.00840411 0.00865653 -0.0903302 -0.000235089 6.08672e-07
18.4531 0 -0.34 0 0.00825699 0.00857142 -0.0955499 -0.000206782 6.40874e-07
18.4531 0 -0.33 0 0.00808776 0.00846536 -0.100743 -0.000154624 6.71689e-07
18.4531 0 -0.32 0 0.00788484 0.00832624 -0.105915 -6.01131e-05 7.005e-07
18.4531 0 -0.31 0 0.00766211 0.00816734 -0.111077 6.10632e-05 7.28165e-07
18.4531 0 -0.3 0 0.00740329 0.00797197 -0.116227 0.000232913 7.5378e-07
18.4531 0 -0.29 0 0.0071064 0.00773711 -0.121367 0.000462722 7.77312e-07
18.4531 0 -0.28 0 0.00678431 0.00747588 -0.126501 0.000731643 7.99478e-07
18.4531 0 -0.27 0 0.00640694 0.00715581 -0.13162 0.00108994 8.18714e-07
18.4531 0 -0.26 0 0.00598934 0.00679162 -0.136724 0.00151619 8.35874e-07
18.4531 0 -0.25 0 0.00554046 0.00639312 -0.141816 0.0019953 8.5142e-07
18.4531 0 -0.24 0 0.0050112 0.00590255 -0.146862 0.00261433 8.6292e-07
18.4531 0 -0.23 0 0.00444267 0.00537528 -0.151877 0.003303 8.72491e-07
18.4531 0 -0.22 0 0.00382366 0.00480083 -0.156852 0.0040812 8.7958e-07
18.4531 0 -0.21 0 0.00311781 0.00414426 -0.161736 0.00501536 8.82494e-07
18.4531 0 -0.2 0 0.00236561 0.00343735 -0.166561 0.00603317 8.83214e-07
18.4531 0 -0.19 0 0.00153874 0.00264549 -0.171287 0.00718598 8.80417e-07
18.4531 0 -0.18 0 0.000623503 0.00175449 -0.175868 0.00849855 8.73548e-07
18.4531 0 -0.17 0 -0.000344925 0.00080392 -0.180354 0.00990707 8.64254e-07
18.4531 0 -0.16 0 -0.00141619 -0.000261544 -0.184638 0.0115006 8.50333e-07
18.4531 0 -0.15 0 -0.00257163 -0.00142008 -0.188728 0.0132439 8.3273e-07
18.4531 0 -0.14 0 -0.00378644 -0.00264375 -0.192678 0.0150925 8.12541e-07
18.4531 0 -0.13 0 -0.00513423 -0.00400657 -0.196275 0.0171736 7.86723e-07
18.4531 0 -0.12 0 -0.00655549 -0.00544618 -0.199648 0.019381 7.57898e-07
18.4531 0 -0.11 0 -0.00805021 -0.00696256 -0.202798 0.0217149 7.26067e-07
18.4531 0 -0.1 0 -0.00968498 -0.00863253 -0.205459 0.0242856 6.887e-07
18.4531 0 -0.09 0 -0.0113852 -0.0103742 -0.207865 0.0269647 6.48843e-07
18.4531 0 -0.08 0 -0.0131791 -0.0122183 -0.209899 0.0297981 6.05447e-07
18.4531 0 -0.07 0 -0.0150928 -0.014191 -0.211391 0.0328231 5.57762e-07
18.4531 0 -0.06 0 -0.0170694 -0.0162311 -0.212573 0.0359469 5.07896e-07
18.4531 0 -0.05 0 -0.0191523 -0.0183843 -0.213202 0.0392346 4.54461e-07
18.4531 0 -0.04 0 -0.0213256 -0.020635 -0.21328 0.0426564 3.98205e-07
18.4531 0 -0.03 0 -0.0235549 -0.0229459 -0.213001 0.0461599 3.40251e-07
18.4531 0 -0.02 0 -0.0258876 -0.0253676 -0.211971 0.049808 2.79387e-07
18.4531 0 -0.01 0 -0.028277 -0.0278495 -0.210431 0.0535289 2.17146e-07
18.4531 0 0 0 -0.0307105 -0.0303781 -0.208495 0.0573066 1.53835e-07
18.4531 0 0.01 0 -0.0332239 -0.0329897 -0.205617 0.0611726 8.9031e-08
18.4531 0 0.02 0 -0.0357616 -0.0356256 -0.202316 0.065057 2.401e-08
18.4531 0 0.03 0 -0.0383304 -0.0382927 -0.198472 0.0689651 -4.12896e-08
18.4531 0 0.04 0 -0.0409237 -0.0409813 -0.193772 0.072866 -1.06141e-07
18.4531 0 0.05 0 -0.0435198 -0.0436702 -0.188645 0.0767464 -1.70464e-07
18.4531 0 0.06 0 -0.0461146 -0.0463527 -0.182848 0.0805844 -2.33761e-07
18.4531 0 0.07 0 -0.0486845 -0.0490015 -0.17633 0.0843341 -2.95253e-07
18.4531 0 0.08 0 -0.0512337 -0.0516236 -0.169397 0.0880217 -3.55537e-07
18.4531 0 0.09 0 -0.0537298 -0.0541792 -0.161704 0.0915673 -4.13198e-07
18.4531 0 0.1 0 -0.0561649 -0.0566603 -0.153451 0.0949681 -4.684e-07
18.4531 0 0.11 0 -0.0585554 -0.059087 -0.144808 0.098264 -5.21846e-07
18.4531 0 0.12 0 -0.0608256 -0.0613682 -0.135364 0.10129 -5.71072e-07
18.4531 0 0.13 0 -0.0630169 -0.0635545 -0.125518 0.104144 -6.17836e-07
18.4531 0 0.14 0 -0.0651295 -0.0656459 -0.115268 0.106827 -6.6214e-07
18.4531 0 0.15 0 -0.0670698 -0.0675295 -0.10431 0.109139 -7.01567e-07
18.4531 0 0.16 0 -0.068921 -0.0693053 -0.0930373 0.111259 -7.38666e-07
18.4531 0 0.17 0 -0.070643 -0.0709246 -0.0813196 0.1131 -7.72425e-07
18.4531 0 0.18 0 -0.0721814 -0.0723203 -0.0690523 0.114541 -8.0182e-07
18.4531 0 0.19 0 -0.0736174 -0.0735904 -0.0564938 0.115755 -8.28882e-07
18.4531 0 0.2 0 -0.0748728 -0.0746388 -0.0434425 0.116566 -8.51964e-07
18.4531 0 0.21 0 -0.0759557 -0.0754729 -0.0299371 0.116979 -8.71484e-07
18.4531 0 0.22 0 -0.0769282 -0.0761694 -0.0161382 0.117134 -8.88757e-07
18.4531 0 0.23 0 -0.0776764 -0.0765837 -0.00173045 0.116749 -9.01632e-07
18.4531 0 0.24 0 -0.0782797 -0.0768248 0.0131116 0.115996 -9.11749e-07
18.4531 0 0.25 0 -0.0787702 -0.0769311 0.0282915 0.114958 -9.19723e-07
18.4531 0 0.26 0 -0.0790051 -0.0767508 0.0443723 0.113236 -9.22894e-07
18.4531 0 0.27 0 -0.0791307 -0.0764483 0.0609319 0.111203 -9.23991e-07
18.4531 0 0.28 0 -0.0791155 -0.0759886 0.0781071 0.10877 -9.22422e-07
18.4531 0 0.29 0 -0.0788897 -0.0752943 0.0964772 0.105699 -9.16688e-07
18.4531 0 0.3 0 -0.0785622 -0.0744881 0.115557 0.102307 -9.08846e-07
18.4531 0 0.31 0 -0.0780775 -0.0735096 0.135823 0.0984076 -8.97672e-07
18.4531 0 0.32 0 -0.0774323 -0.0723616 0.157725 0.0939628 -8.82754e-07
18.4531 0 0.33 0 -0.0766967 -0.0711207 0.180686 0.0892058 -8.65621e-07
18.4531 0 0.34 0 -0.0758013 -0.0697224 0.205869 0.0838841 -8.44288e-07
18.4531 0 0.35 0 -0.074795 -0.0682288 0.233162 0.078169 -8.19614e-07
18.4531 0 0.36 0 -0.0737125 -0.0666717 0.261975 0.0721852 -7.92591e-07
18.4531 0 0.37 0 -0.0724847 -0.0650191 0.294606 0.0657128 -7.60408e-07
18.4531 0 0.38 0 -0.0711919 -0.0633458 0.329623 0.0590607 -7.25413e-07
18.4531 0 0.39 0 -0.0698344 -0.0616517 0.367026 0.052229 -6.87603e-07
18.4531 0 0.4 0 -0.0683833 -0.0599833 0.40948 0.0452695 -6.44413e-07
18.4531 0 0.41 0 -0.0669025 -0.0583558 0.454449 0.0383575 -5.98652e-07
18.4531 0 0.42 0 -0.0653824 -0.056794 0.503046 0.0315389 -5.49206e-07
18.4531 0 0.43 0 -0.0638449 -0.0553887 0.556419 0.0251188 -4.9475e-07
18.4531 0 0.44 0 -0.0623046 -0.0540872 0.612255 0.0190112 -4.37493e-07
18.4531 0 0.45 0 -0.0607677 -0.0529887 0.672174 0.0135656 -3.75303e-07
18.4531 0 0.46 0 -0.0592311 -0.0520573 0.735089 0.00903334 -3.08283e-07
18.4531 0 0.47 0 -0.0577096 -0.0512073 0.799678 0.0051281 -2.38175e-07
18.4531 0 0.48 0 -0.0562921 -0.0503958 0.866467 0.0027054 -1.61836e-07
18.4531 0 0.49 0 -0.0553079 -0.0497991 0.93324 0.0010531 -1.05981e-07
