# 1:t 2:x 3:y 4:z 5:P 6:Pmac 7:U 8:V 9:DU
300 0 -0.5 0 0.0438355 0.043087 0 0 -1.66633e-06
300 0 -0.49 0 0.0437369 0.0433081 -0.053143 -0.0040245 -1.8783e-06
300 0 -0.48 0 0.0434967 0.0433492 -0.106313 -0.00908774 -2.06287e-06
300 0 -0.47 0 0.0430744 0.0431586 -0.159518 -0.0154865 -2.21219e-06
300 0 -0.46 0 0.0420194 0.0418878 -0.214827 -0.0219161 -2.03343e-06
300 0 -0.45 0 0.0405308 0.0399961 -0.268797 -0.0280488 -1.74857e-06
300 0 -0.44 0 0.0382876 0.0370781 -0.319159 -0.0335186 -1.33345e-06
300 0 -0.43 0 0.0351475 0.0329961 -0.360076 -0.0378641 -7.96355e-07
300 0 -0.42 0 0.0315242 0.0283548 -0.394682 -0.0414607 -2.05601e-07
300 0 -0.41 0 0.0271029 0.0229714 -0.415578 -0.0434365 4.41489e-07
300 0 -0.4 0 0.0223682 0.0175343 -0.426155 -0.0442905 1.04471e-06
300 0 -0.39 0 0.0174446 0.0120965 -0.429799 -0.0443982 1.61298e-06
300 0 -0.38 0 0.0125056 0.00713394 -0.42232 -0.0434069 2.05192e-06
300 0 -0.37 0 0.00770896 0.00248925 -0.412093 -0.0422053 2.43163e-06
300 0 -0.36 0 0.00305479 -0.00183757 -0.39912 -0.0407933 2.7521e-06
300 0 -0.35 0 -0.0012616 -0.00573877 -0.385796 -0.0394495 3.01073e-06
300 0 -0.34 0 -0.00544263 -0.00952974 -0.373175 -0.0381905 3.25629e-06
300 0 -0.33 0 -0.00943556 -0.0131843 -0.361765 -0.037065 3.48695e-06
300 0 -0.32 0 -0.0132537 -0.0167627 -0.351834 -0.0360345 3.71168e-06
300 0 -0.31 0 -0.0169905 -0.0203013 -0.342419 -0.0350207 3.93232e-06
300 0 -0.3 0 -0.020604 -0.0237727 -0.333528 -0.0339915 4.1448e-06
300 0 -0.29 0 -0.024111 -0.0271495 -0.324503 -0.0329035 4.34298e-06
300 0 -0.28 0 -0.0275488 -0.0304615 -0.31536 -0.0317796 4.53124e-06
300 0 -0.27 0 -0.0308416 -0.0336202 -0.305815 -0.030591 4.69565e-06
300 0 -0.26 0 -0.0340351 -0.0366746 -0.2961 -0.0293814 4.84372e-06
300 0 -0.25 0 -0.0371513 -0.039648 -0.286254 -0.0281556 4.97908e-06
300 0 -0.24 0 -0.0400884 -0.042445 -0.276335 -0.026919 5.08521e-06
300 0 -0.23 0 -0.0429494 -0.0451735 -0.266438 -0.0256811 5.1782e-06
300 0 -0.22 0 -0.0457125 -0.0478141 -0.256567 -0.0244416 5.25427e-06
300 0 -0.21 0 -0.0483272 -0.0503212 -0.246749 -0.0231955 5.30276e-06
300 0 -0.2 0 -0.0508684 -0.0527588 -0.236948 -0.0219455 5.33708e-06
300 0 -0.19 0 -0.0532943 -0.0550856 -0.22717 -0.0206889 5.34888e-06
300 0 -0.18 0 -0.0555961 -0.0572913 -0.217399 -0.0194252 5.33576e-06
300 0 -0.17 0 -0.0578258 -0.0594263 -0.20763 -0.0181574 5.30813e-06
300 0 -0.16 0 -0.0599223 -0.0614303 -0.197863 -0.0168822 5.25365e-06
300 0 -0.15 0 -0.061917 -0.0633337 -0.188097 -0.0156022 5.17887e-06
300 0 -0.14 0 -0.0638404 -0.0651668 -0.178332 -0.0143188 5.08993e-06
300 0 -0.13 0 -0.0656121 -0.0668496 -0.16857 -0.0130288 4.9713e-06
300 0 -0.12 0 -0.0673033 -0.0684518 -0.15881 -0.0117355 4.83735e-06
300 0 -0.11 0 -0.0689138 -0.0699734 -0.149052 -0.0104387 4.6881e-06
300 0 -0.1 0 -0.070374 -0.0713401 -0.139296 -0.0091364 4.51123e-06
300 0 -0.09 0 -0.0717646 -0.0726457 -0.12954 -0.00783207 4.32207e-06
300 0 -0.08 0 -0.0730557 -0.0738668 -0.119784 -0.00652503 4.11547e-06
300 0 -0.07 0 -0.0742183 -0.0749787 -0.110023 -0.0052141 3.88763e-06
300 0 -0.06 0 -0.0753116 -0.0760248 -0.100258 -0.00390117 3.64879e-06
300 0 -0.05 0 -0.0762863 -0.0769487 -0.0904824 -0.00258497 3.39167e-06
300 0 -0.04 0 -0.0771525 -0.0777642 -0.0806946 -0.00126643 3.11931e-06
300 0 -0.03 0 -0.0779499 -0.078511 -0.0708981 5.3466e-05 2.83754e-06
300 0 -0.02 0 -0.0786099 -0.0791212 -0.0610802 0.0013755 2.53851e-06
300 0 -0.01 0 -0.079182 -0.0796434 -0.0512452 0.00269839 2.22993e-06
300 0 0 0 -0.0796856 -0.0800972 -0.0413968 0.00402194 1.91391e-06
300 0 0.01 0 -0.0800336 -0.0803925 -0.0315107 0.00534465 1.58394e-06
300 0 0.02 0 -0.0803137 -0.0806305 -0.0216044 0.00666735 1.24924e-06
300 0 0.03 0 -0.0805065 -0.0807949 -0.0116723 0.00799007 9.08471e-07
300 0 0.04 0 -0.0805645 -0.080836 -0.00169132 0.00930791 5.61099e-07
300 0 0.05 0 -0.0805556 -0.0808079 0.00831866 0.0106224 2.11437e-07
300 0 0.06 0 -0.0804421 -0.0806663 0.0183771 0.0119312 -1.41189e-07
300 0 0.07 0 -0.0802145 -0.0804095 0.0284965 0.0132322 -4.94258e-07
300 0 0.08 0 -0.0799205 -0.0800859 0.0386529 0.0145273 -8.46826e-07
300 0 0.09 0 -0.0795036 -0.0796393 0.0488815 0.0158082 -1.19659e-06
300 0 0.1 0 -0.0789932 -0.079101 0.0591726 0.0170767 -1.54168e-06
300 0 0.11 0 -0.0784175 -0.0784984 0.0695082 0.0183362 -1.88324e-06
300 0 0.12 0 -0.0777031 -0.0777594 0.0799487 0.019572 -2.21398e-06
300 0 0.13 0 -0.0769161 -0.0769525 0.0904522 0.0207927 -2.53697e-06
300 0 0.14 0 -0.0760565 -0.0760778 0.101019 0.0219981 -2.85219e-06
300 0 0.15 0 -0.075063 -0.0750772 0.111717 0.0231695 -3.14932e-06
300 0 0.16 0 -0.074008 -0.0740155 0.122484 0.0243219 -3.43662e-06
300 0 0.17 0 -0.0728652 -0.0728661 0.133348 0.0254464 -3.70956e-06
300 0 0.18 0 -0.0716113 -0.0716038 0.144352 0.0265274 -3.96088e-06
300 0 0.19 0 -0.0702986 -0.0702814 0.155435 0.0275825 -4.19969e-06
300 0 0.2 0 -0.0688864 -0.068857 0.166659 0.0285906 -4.41593e-06
300 0 0.21 0 -0.0673864 -0.0673414 0.178025 0.0295482 -4.60924e-06
300 0 0.22 0 -0.0658312 -0.0657683 0.189482 0.0304724 -4.7876e-06
300 0 0.23 0 -0.0641693 -0.0640832 0.201137 0.0313228 -4.93423e-06
300 0 0.24 0 -0.0624428 -0.0623293 0.212932 0.0321189 -5.05925e-06
300 0 0.25 0 -0.060666 -0.060522 0.224834 0.0328729 -5.16745e-06
300 0 0.26 0 -0.0587822 -0.0585973 0.237002 0.0335179 -5.23603e-06
300 0 0.27 0 -0.0568556 -0.0566228 0.249291 0.0341085 -5.28711e-06
300 0 0.28 0 -0.054874 -0.0545842 0.261734 0.0346292 -5.31567e-06
300 0 0.29 0 -0.052817 -0.0524514 0.27442 0.0350259 -5.30868e-06
300 0 0.3 0 -0.0507268 -0.0502747 0.287231 0.0353548 -5.28336e-06
300 0 0.31 0 -0.0485872 -0.0480312 0.300241 0.0355737 -5.22884e-06
300 0 0.32 0 -0.0464062 -0.0457259 0.313514 0.0356616 -5.14029e-06
300 0 0.33 0 -0.0442044 -0.043388 0.326967 0.0356722 -5.03159e-06
300 0 0.34 0 -0.0419719 -0.0409981 0.340821 0.0355364 -4.88475e-06
300 0 0.35 0 -0.0397268 -0.038579 0.355098 0.0352904 -4.71102e-06
300 0 0.36 0 -0.0374741 -0.03614 0.369677 0.0349675 -4.51925e-06
300 0 0.37 0 -0.0352197 -0.0336657 0.384961 0.0344803 -4.29882e-06
300 0 0.38 0 -0.0329765 -0.0311735 0.400465 0.0338953 -4.07307e-06
300 0 0.39 0 -0.0307444 -0.0286634 0.416189 0.0332123 -3.84201e-06
300 0 0.4 0 -0.0285714 -0.0261241 0.431416 0.0322835 -3.62151e-06
300 0 0.41 0 -0.0264497 -0.0235836 0.445738 0.031204 -3.41213e-06
300 0 0.42 0 -0.0244071 -0.0210444 0.458604 0.0299006 -3.22007e-06
300 0 0.43 0 -0.0225474 -0.0185676 0.467477 0.0281838 -3.05296e-06
300 0 0.44 0 -0.0208131 -0.0161597 0.473585 0.0262217 -2.89228e-06
300 0 0.45 0 -0.0193278 -0.013915 0.47417 0.0238099 -2.73364e-06
300 0 0.46 0 -0.0181538 -0.0118462 0.475567 0.0206509 -2.50239e-06
300 0 0.47 0 -0.0171747 -0.00987374 0.485855 0.0169112 -2.20511e-06
300 0 0.48 0 -0.0165703 -0.0080165 0.555782 0.011484 -1.67682e-06
300 0 0.49 0 -0.0161821 -0.00669064 0.73528 0.0058301 -1.24943e-06
