# 1:t 2:x 3:y 4:z 5:P 6:Pmac 7:U 8:V 9:DU
29.8423 0 -0.5 0 0.0227784 0.0226674 0 0 7.01668e-07
29.8423 0 -0.498999 0 0.0227775 0.0226694 -0.00120111 -1.5932e-06 7.43656e-07
29.8423 0 -0.497998 0 0.0227766 0.0226714 -0.00240221 -3.18639e-06 7.85643e-07
29.8423 0 -0.496997 0 0.0227758 0.0226733 -0.00360332 -4.77959e-06 8.2763e-07
29.8423 0 -0.495996 0 0.0227749 0.0226753 -0.00480443 -6.37279e-06 8.69617e-07
29.8423 0 -0.494995 0 0.022774 0.0226773 -0.00600554 -7.96598e-06 9.11604e-07
29.8423 0 -0.493994 0 0.0227732 0.0226793 -0.00720664 -9.55918e-06 9.53592e-07
29.8423 0 -0.492993 0 0.0227723 0.0226812 -0.00840775 -1.11524e-05 9.95579e-07
29.8423 0 -0.491992 0 0.0227715 0.0226832 -0.00960886 -1.27456e-05 1.03757e-06
29.8423 0 -0.490991 0 0.0227706 0.0226852 -0.01081 -1.43388e-05 1.07955e-06
29.8423 0 -0.48999 0 0.0227697 0.0226872 -0.0120111 -1.5932e-05 1.12154e-06
29.8423 0 -0.488989 0 0.0227689 0.0226891 -0.0132122 -1.75252e-05 1.16353e-06
29.8423 0 -0.487988 0 0.022768 0.0226911 -0.0144133 -1.91184e-05 1.20551e-06
29.8423 0 -0.486987 0 0.0227671 0.0226931 -0.0156144 -2.07116e-05 1.2475e-06
29.8423 0 -0.485986 0 0.0227663 0.022695 -0.0168155 -2.23048e-05 1.28949e-06
29.8423 0 -0.484985 0 0.0227654 0.022697 -0.0180166 -2.38979e-05 1.33148e-06
29.8423 0 -0.483984 0 0.022764 0.0227 -0.0191923 -2.78423e-05 1.38873e-06
29.8423 0 -0.482983 0 0.0227617 0.0227046 -0.0203283 -3.54546e-05 1.46979e-06
29.8423 0 -0.481982 0 0.0227595 0.0227091 -0.0214643 -4.30669e-05 1.55085e-06
29.8423 0 -0.480981 0 0.0227572 0.0227137 -0.0226003 -5.06792e-05 1.63191e-06
29.8423 0 -0.47998 0 0.0227549 0.0227183 -0.0237363 -5.82916e-05 1.71298e-06
29.8423 0 -0.478979 0 0.0227526 0.0227228 -0.0248723 -6.59039e-05 1.79404e-06
29.8423 0 -0.477978 0 0.0227503 0.0227274 -0.0260083 -7.35162e-05 1.8751e-06
29.8423 0 -0.476977 0 0.0227481 0.022732 -0.0271443 -8.11285e-05 1.95616e-06
29.8423 0 -0.475976 0 0.0227458 0.0227365 -0.0282803 -8.87409e-05 2.03723e-06
29.8423 0 -0.474975 0 0.0227435 0.0227411 -0.0294163 -9.63532e-05 2.11829e-06
29.8423 0 -0.473974 0 0.0227412 0.0227457 -0.0305523 -0.000103966 2.19935e-06
29.8423 0 -0.472973 0 0.022739 0.0227503 -0.0316883 -0.000111578 2.28041e-06
29.8423 0 -0.471972 0 0.0227367 0.0227548 -0.0328243 -0.00011919 2.36148e-06
29.8423 0 -0.470971 0 0.0227344 0.0227594 -0.0339603 -0.000126802 2.44254e-06
29.8423 0 -0.46997 0 0.0227321 0.022764 -0.0350963 -0.000134415 2.5236e-06
29.8423 0 -0.468969 0 0.0227298 0.0227685 -0.0362323 -0.000142027 2.60466e-06
29.8423 0 -0.467968 0 0.0227264 0.0227732 -0.0373343 -0.000156335 2.68114e-06
29.8423 0 -0.466967 0 0.0227226 0.0227778 -0.0384268 -0.000172517 2.75633e-06
29.8423 0 -0.465966 0 0.0227188 0.0227825 -0.0395192 -0.0001887 2.83151e-06
29.8423 0 -0.464965 0 0.022715 0.0227872 -0.0406117 -0.000204883 2.9067e-06
29.8423 0 -0.463964 0 0.0227113 0.0227919 -0.0417041 -0.000221065 2.98189e-06
29.8423 0 -0.462963 0 0.0227075 0.0227965 -0.0427966 -0.000237248 3.05708e-06
29.8423 0 -0.461962 0 0.0227037 0.0228012 -0.0438891 -0.000253431 3.13227e-06
29.8423 0 -0.460961 0 0.0226999 0.0228059 -0.0449815 -0.000269613 3.20745e-06
29.8423 0 -0.45996 0 0.0226961 0.0228105 -0.046074 -0.000285796 3.28264e-06
29.8423 0 -0.458959 0 0.0226924 0.0228152 -0.0471664 -0.000301979 3.35783e-06
29.8423 0 -0.457958 0 0.0226886 0.0228199 -0.0482589 -0.000318161 3.43302e-06
29.8423 0 -0.456957 0 0.0226848 0.0228246 -0.0493514 -0.000334344 3.50821e-06
29.8423 0 -0.455956 0 0.022681 0.0228292 -0.0504438 -0.000350527 3.5834e-06
29.8423 0 -0.454955 0 0.0226772 0.0228339 -0.0515363 -0.000366709 3.65858e-06
29.8423 0 -0.453954 0 0.0226734 0.0228386 -0.0526288 -0.000382892 3.73377e-06
29.8423 0 -0.452953 0 0.0226692 0.0228429 -0.0537167 -0.000400547 3.80793e-06
29.8423 0 -0.451952 0 0.022663 0.0228458 -0.0547832 -0.000425297 3.87713e-06
29.8423 0 -0.450951 0 0.0226568 0.0228487 -0.0558497 -0.000450048 3.94633e-06
29.8423 0 -0.44995 0 0.0226506 0.0228516 -0.0569161 -0.000474799 4.01553e-06
29.8423 0 -0.448949 0 0.0226444 0.0228545 -0.0579826 -0.000499549 4.08473e-06
29.8423 0 -0.447948 0 0.0226382 0.0228574 -0.0590491 -0.0005243 4.15393e-06
29.8423 0 -0.446947 0 0.022632 0.0228604 -0.0601155 -0.000549051 4.22312e-06
29.8423 0 -0.445946 0 0.0226257 0.0228633 -0.061182 -0.000573801 4.29232e-06
29.8423 0 -0.444945 0 0.0226195 0.0228662 -0.0622485 -0.000598552 4.36152e-06
29.8423 0 -0.443944 0 0.0226133 0.0228691 -0.0633149 -0.000623302 4.43072e-06
29.8423 0 -0.442943 0 0.0226071 0.022872 -0.0643814 -0.000648053 4.49992e-06
29.8423 0 -0.441942 0 0.0226009 0.0228749 -0.0654479 -0.000672804 4.56912e-06
29.8423 0 -0.440941 0 0.0225947 0.0228778 -0.0665143 -0.000697554 4.63832e-06
29.8423 0 -0.43994 0 0.0225884 0.0228807 -0.0675808 -0.000722305 4.70752e-06
29.8423 0 -0.438939 0 0.0225822 0.0228836 -0.0686473 -0.000747056 4.77672e-06
29.8423 0 -0.437938 0 0.022576 0.0228865 -0.0697137 -0.000771806 4.84592e-06
29.8423 0 -0.436937 0 0.0225678 0.0228874 -0.070774 -0.000800602 4.91169e-06
29.8423 0 -0.435936 0 0.022558 0.0228868 -0.0718294 -0.000832544 4.97479e-06
29.8423 0 -0.434935 0 0.0225481 0.0228862 -0.0728849 -0.000864486 5.03789e-06
29.8423 0 -0.433934 0 0.0225383 0.0228857 -0.0739403 -0.000896428 5.101e-06
29.8423 0 -0.432933 0 0.0225285 0.0228851 -0.0749958 -0.000928371 5.1641e-06
29.8423 0 -0.431932 0 0.0225187 0.0228845 -0.0760512 -0.000960313 5.22721e-06
29.8423 0 -0.430931 0 0.0225088 0.0228839 -0.0771067 -0.000992255 5.29031e-06
29.8423 0 -0.42993 0 0.022499 0.0228833 -0.0781621 -0.0010242 5.35341e-06
29.8423 0 -0.428929 0 0.0224892 0.0228827 -0.0792175 -0.00105614 5.41652e-06
29.8423 0 -0.427928 0 0.0224794 0.0228821 -0.080273 -0.00108808 5.47962e-06
29.8423 0 -0.426927 0 0.0224696 0.0228815 -0.0813284 -0.00112002 5.54272e-06
29.8423 0 -0.425926 0 0.0224597 0.0228809 -0.0823839 -0.00115197 5.60583e-06
29.8423 0 -0.424925 0 0.0224499 0.0228804 -0.0834393 -0.00118391 5.66893e-06
29.8423 0 -0.423924 0 0.0224401 0.0228798 -0.0844948 -0.00121585 5.73204e-06
29.8423 0 -0.422923 0 0.0224303 0.0228792 -0.0855502 -0.00124779 5.79514e-06
29.8423 0 -0.421922 0 0.0224204 0.0228786 -0.0866057 -0.00127974 5.85824e-06
29.8423 0 -0.420921 0 0.0224058 0.0228727 -0.0876626 -0.00131587 5.91544e-06
29.8423 0 -0.41992 0 0.022391 0.0228665 -0.0887197 -0.00135222 5.97235e-06
29.8423 0 -0.418919 0 0.0223761 0.0228603 -0.0897768 -0.00138856 6.02925e-06
29.8423 0 -0.417918 0 0.0223613 0.0228541 -0.0908338 -0.0014249 6.08616e-06
29.8423 0 -0.416917 0 0.0223464 0.022848 -0.0918909 -0.00146125 6.14306e-06
29.8423 0 -0.415916 0 0.0223316 0.0228418 -0.092948 -0.00149759 6.19997e-06
29.8423 0 -0.414915 0 0.0223167 0.0228356 -0.094005 -0.00153393 6.25688e-06
29.8423 0 -0.413914 0 0.0223019 0.0228294 -0.0950621 -0.00157028 6.31378e-06
29.8423 0 -0.412913 0 0.022287 0.0228232 -0.0961192 -0.00160662 6.37069e-06
29.8423 0 -0.411912 0 0.0222722 0.0228171 -0.0971762 -0.00164297 6.42759e-06
29.8423 0 -0.410911 0 0.0222573 0.0228109 -0.0982333 -0.00167931 6.4845e-06
29.8423 0 -0.40991 0 0.0222425 0.0228047 -0.0992904 -0.00171565 6.54141e-06
29.8423 0 -0.408909 0 0.0222276 0.0227985 -0.100347 -0.001752 6.59831e-06
29.8423 0 -0.407908 0 0.0222128 0.0227924 -0.101404 -0.00178834 6.65522e-06
29.8423 0 -0.406907 0 0.0221979 0.0227862 -0.102462 -0.00182468 6.71213e-06
29.8423 0 -0.405906 0 0.0221808 0.0227773 -0.103523 -0.00186116 6.76684e-06
29.8423 0 -0.404905 0 0.0221592 0.0227632 -0.104591 -0.00189787 6.81736e-06
29.8423 0 -0.403904 0 0.0221376 0.0227491 -0.105659 -0.00193459 6.86788e-06
29.8423 0 -0.402903 0 0.022116 0.022735 -0.106728 -0.0019713 6.9184e-06
29.8423 0 -0.401902 0 0.0220944 0.0227209 -0.107796 -0.00200802 6.96892e-06
29.8423 0 -0.400901 0 0.0220729 0.0227068 -0.108865 -0.00204473 7.01944e-06
29.8423 0 -0.3999 0 0.0220513 0.0226927 -0.109933 -0.00208145 7.06996e-06
29.8423 0 -0.398899 0 0.0220297 0.0226786 -0.111002 -0.00211817 7.12048e-06
29.8423 0 -0.397898 0 0.0220081 0.0226645 -0.11207 -0.00215488 7.171e-06
29.8423 0 -0.396897 0 0.0219865 0.0226504 -0.113139 -0.0021916 7.22152e-06
29.8423 0 -0.395896 0 0.0219649 0.0226363 -0.114207 -0.00222831 7.27204e-06
29.8423 0 -0.394895 0 0.0219434 0.0226222 -0.115275 -0.00226503 7.32256e-06
29.8423 0 -0.393894 0 0.0219218 0.0226081 -0.116344 -0.00230175 7.37308e-06
29.8423 0 -0.392893 0 0.0219002 0.022594 -0.117412 -0.00233846 7.4236e-06
29.8423 0 -0.391892 0 0.0218786 0.0225799 -0.118481 -0.00237518 7.47412e-06
29.8423 0 -0.390891 0 0.021857 0.0225658 -0.119549 -0.00241189 7.52464e-06
29.8423 0 -0.38989 0 0.0218291 0.022544 -0.120631 -0.00244524 7.5702e-06
29.8423 0 -0.388889 0 0.0217988 0.0225194 -0.121717 -0.00247737 7.61397e-06
29.8423 0 -0.387888 0 0.0217685 0.0224948 -0.122803 -0.0025095 7.65773e-06
29.8423 0 -0.386887 0 0.0217382 0.0224702 -0.123889 -0.00254162 7.70149e-06
29.8423 0 -0.385886 0 0.0217079 0.0224455 -0.124975 -0.00257375 7.74526e-06
29.8423 0 -0.384885 0 0.0216776 0.0224209 -0.126061 -0.00260588 7.78902e-06
29.8423 0 -0.383884 0 0.0216473 0.0223963 -0.127147 -0.00263801 7.83278e-06
29.8423 0 -0.382883 0 0.021617 0.0223717 -0.128233 -0.00267014 7.87655e-06
29.8423 0 -0.381882 0 0.0215867 0.022347 -0.129319 -0.00270226 7.92031e-06
29.8423 0 -0.380881 0 0.0215563 0.0223224 -0.130405 -0.00273439 7.96408e-06
29.8423 0 -0.37988 0 0.021526 0.0222978 -0.131491 -0.00276652 8.00784e-06
29.8423 0 -0.378879 0 0.0214957 0.0222732 -0.132577 -0.00279865 8.0516e-06
29.8423 0 -0.377878 0 0.0214654 0.0222486 -0.133663 -0.00283077 8.09537e-06
29.8423 0 -0.376877 0 0.0214351 0.0222239 -0.134749 -0.0028629 8.13913e-06
29.8423 0 -0.375876 0 0.0214048 0.0221993 -0.135835 -0.00289503 8.18289e-06
29.8423 0 -0.374875 0 0.0213732 0.022173 -0.136924 -0.00292589 8.22573e-06
29.8423 0 -0.373874 0 0.0213319 0.0221348 -0.138029 -0.00294789 8.26211e-06
29.8423 0 -0.372873 0 0.0212906 0.0220967 -0.139135 -0.00296989 8.29849e-06
29.8423 0 -0.371872 0 0.0212493 0.0220585 -0.14024 -0.00299189 8.33486e-06
29.8423 0 -0.370871 0 0.0212079 0.0220204 -0.141346 -0.00301389 8.37124e-06
29.8423 0 -0.36987 0 0.0211666 0.0219822 -0.142452 -0.0030359 8.40762e-06
29.8423 0 -0.368869 0 0.0211253 0.021944 -0.143557 -0.0030579 8.444e-06
29.8423 0 -0.367868 0 0.021084 0.0219059 -0.144663 -0.0030799 8.48037e-06
29.8423 0 -0.366867 0 0.0210427 0.0218677 -0.145769 -0.0031019 8.51675e-06
29.8423 0 -0.365866 0 0.0210014 0.0218295 -0.146874 -0.0031239 8.55313e-06
29.8423 0 -0.364865 0 0.0209601 0.0217914 -0.14798 -0.0031459 8.5895e-06
29.8423 0 -0.363864 0 0.0209188 0.0217532 -0.149086 -0.0031679 8.62588e-06
29.8423 0 -0.362863 0 0.0208775 0.0217151 -0.150191 -0.0031899 8.66226e-06
29.8423 0 -0.361862 0 0.0208362 0.0216769 -0.151297 -0.0032119 8.69863e-06
29.8423 0 -0.360861 0 0.0207949 0.0216387 -0.152402 -0.0032339 8.73501e-06
29.8423 0 -0.35986 0 0.0207536 0.0216006 -0.153508 -0.0032559 8.77139e-06
29.8423 0 -0.358859 0 0.0207053 0.0215536 -0.154622 -0.00326968 8.80349e-06
29.8423 0 -0.357858 0 0.0206504 0.0214983 -0.155745 -0.00327574 8.83156e-06
29.8423 0 -0.356857 0 0.0205956 0.021443 -0.156867 -0.00328179 8.85964e-06
29.8423 0 -0.355856 0 0.0205407 0.0213876 -0.15799 -0.00328785 8.88771e-06
29.8423 0 -0.354855 0 0.0204858 0.0213323 -0.159112 -0.00329391 8.91579e-06
29.8423 0 -0.353854 0 0.020431 0.021277 -0.160235 -0.00329997 8.94386e-06
29.8423 0 -0.352853 0 0.0203761 0.0212217 -0.161357 -0.00330602 8.97194e-06
29.8423 0 -0.351852 0 0.0203212 0.0211664 -0.16248 -0.00331208 9.00001e-06
29.8423 0 -0.350851 0 0.0202664 0.0211111 -0.163602 -0.00331814 9.02809e-06
29.8423 0 -0.34985 0 0.0202115 0.0210558 -0.164724 -0.00332419 9.05616e-06
29.8423 0 -0.348849 0 0.0201567 0.0210005 -0.165847 -0.00333025 9.08424e-06
29.8423 0 -0.347848 0 0.0201018 0.0209452 -0.166969 -0.00333631 9.11231e-06
29.8423 0 -0.346847 0 0.0200469 0.0208899 -0.168092 -0.00334236 9.14039e-06
29.8423 0 -0.345846 0 0.0199921 0.0208346 -0.169214 -0.00334842 9.16847e-06
29.8423 0 -0.344845 0 0.0199372 0.0207793 -0.170337 -0.00335448 9.19654e-06
29.8423 0 -0.343844 0 0.0198824 0.0207239 -0.171459 -0.00336054 9.22462e-06
29.8423 0 -0.342843 0 0.0198127 0.0206537 -0.172589 -0.00334699 9.2441e-06
29.8423 0 -0.341842 0 0.0197416 0.0205819 -0.173721 -0.00333141 9.2627e-06
29.8423 0 -0.340841 0 0.0196704 0.0205101 -0.174852 -0.00331583 9.2813e-06
29.8423 0 -0.33984 0 0.0195993 0.0204383 -0.175983 -0.00330025 9.2999e-06
29.8423 0 -0.338839 0 0.0195282 0.0203666 -0.177114 -0.00328467 9.31849e-06
29.8423 0 -0.337838 0 0.019457 0.0202948 -0.178245 -0.00326909 9.33709e-06
29.8423 0 -0.336837 0 0.0193859 0.020223 -0.179377 -0.00325351 9.35569e-06
29.8423 0 -0.335836 0 0.0193147 0.0201512 -0.180508 -0.00323793 9.37429e-06
29.8423 0 -0.334835 0 0.0192436 0.0200794 -0.181639 -0.00322235 9.39289e-06
29.8423 0 -0.333834 0 0.0191724 0.0200076 -0.18277 -0.00320677 9.41148e-06
29.8423 0 -0.332833 0 0.0191013 0.0199358 -0.183901 -0.00319119 9.43008e-06
29.8423 0 -0.331832 0 0.0190301 0.019864 -0.185033 -0.00317561 9.44868e-06
29.8423 0 -0.330831 0 0.018959 0.0197922 -0.186164 -0.00316003 9.46728e-06
29.8423 0 -0.32983 0 0.0188878 0.0197205 -0.187295 -0.00314445 9.48587e-06
29.8423 0 -0.328829 0 0.0188167 0.0196487 -0.188426 -0.00312887 9.50447e-06
29.8423 0 -0.327828 0 0.0187399 0.0195711 -0.189556 -0.00310535 9.51987e-06
29.8423 0 -0.326827 0 0.0186495 0.01948 -0.190683 -0.003063 9.52767e-06
29.8423 0 -0.325826 0 0.0185591 0.0193888 -0.191809 -0.00302065 9.53547e-06
29.8423 0 -0.324825 0 0.0184688 0.0192976 -0.192936 -0.0029783 9.54327e-06
29.8423 0 -0.323824 0 0.0183784 0.0192065 -0.194062 -0.00293595 9.55108e-06
29.8423 0 -0.322823 0 0.0182881 0.0191153 -0.195189 -0.0028936 9.55888e-06
29.8423 0 -0.321822 0 0.0181977 0.0190242 -0.196316 -0.00285125 9.56668e-06
29.8423 0 -0.320821 0 0.0181074 0.018933 -0.197442 -0.0028089 9.57448e-06
29.8423 0 -0.31982 0 0.018017 0.0188418 -0.198569 -0.00276655 9.58229e-06
29.8423 0 -0.318819 0 0.0179266 0.0187507 -0.199696 -0.0027242 9.59009e-06
29.8423 0 -0.317818 0 0.0178363 0.0186595 -0.200822 -0.00268185 9.59789e-06
29.8423 0 -0.316817 0 0.0177459 0.0185683 -0.201949 -0.0026395 9.60569e-06
29.8423 0 -0.315816 0 0.0176556 0.0184772 -0.203075 -0.00259715 9.6135e-06
29.8423 0 -0.314815 0 0.0175652 0.018386 -0.204202 -0.0025548 9.6213e-06
29.8423 0 -0.313814 0 0.0174749 0.0182948 -0.205329 -0.00251245 9.6291e-06
29.8423 0 -0.312813 0 0.0173845 0.0182037 -0.206455 -0.0024701 9.6369e-06
29.8423 0 -0.311812 0 0.0172789 0.0180946 -0.207566 -0.00240634 9.63639e-06
29.8423 0 -0.310811 0 0.0171663 0.0179773 -0.20867 -0.00233284 9.6321e-06
29.8423 0 -0.30981 0 0.0170537 0.01786 -0.209774 -0.00225934 9.62781e-06
29.8423 0 -0.308809 0 0.0169411 0.0177427 -0.210877 -0.00218584 9.62351e-06
29.8423 0 -0.307808 0 0.0168285 0.0176254 -0.211981 -0.00211234 9.61922e-06
29.8423 0 -0.306807 0 0.016716 0.0175081 -0.213085 -0.00203884 9.61492e-06
29.8423 0 -0.305806 0 0.0166034 0.0173908 -0.214189 -0.00196534 9.61063e-06
29.8423 0 -0.304805 0 0.0164908 0.0172735 -0.215293 -0.00189184 9.60633e-06
29.8423 0 -0.303804 0 0.0163782 0.0171562 -0.216396 -0.00181834 9.60204e-06
29.8423 0 -0.302803 0 0.0162656 0.017039 -0.2175 -0.00174484 9.59775e-06
29.8423 0 -0.301802 0 0.016153 0.0169217 -0.218604 -0.00167134 9.59345e-06
29.8423 0 -0.300801 0 0.0160405 0.0168044 -0.219708 -0.00159784 9.58916e-06
29.8423 0 -0.2998 0 0.0159279 0.0166871 -0.220811 -0.00152434 9.58486e-06
29.8423 0 -0.298799 0 0.0158153 0.0165698 -0.221915 -0.00145084 9.58057e-06
29.8423 0 -0.297798 0 0.0157027 0.0164525 -0.223019 -0.00137734 9.57628e-06
29.8423 0 -0.296797 0 0.0155882 0.016333 -0.224119 -0.00130116 9.57095e-06
29.8423 0 -0.295796 0 0.0154506 0.0161871 -0.225177 -0.0011932 9.55346e-06
29.8423 0 -0.294795 0 0.015313 0.0160412 -0.226236 -0.00108525 9.53597e-06
29.8423 0 -0.293794 0 0.0151753 0.0158953 -0.227294 -0.000977292 9.51848e-06
29.8423 0 -0.292793 0 0.0150377 0.0157494 -0.228352 -0.000869337 9.50099e-06
29.8423 0 -0.291792 0 0.0149001 0.0156035 -0.22941 -0.000761382 9.4835e-06
29.8423 0 -0.290791 0 0.0147625 0.0154576 -0.230469 -0.000653427 9.466e-06
29.8423 0 -0.28979 0 0.0146249 0.0153117 -0.231527 -0.000545472 9.44851e-06
29.8423 0 -0.288789 0 0.0144873 0.0151658 -0.232585 -0.000437517 9.43102e-06
29.8423 0 -0.287788 0 0.0143496 0.0150199 -0.233643 -0.000329562 9.41353e-06
29.8423 0 -0.286787 0 0.014212 0.014874 -0.234701 -0.000221607 9.39604e-06
29.8423 0 -0.285786 0 0.0140744 0.0147281 -0.23576 -0.000113652 9.37855e-06
29.8423 0 -0.284785 0 0.0139368 0.0145822 -0.236818 -5.69744e-06 9.36105e-06
29.8423 0 -0.283784 0 0.0137992 0.0144363 -0.237876 0.000102258 9.34356e-06
29.8423 0 -0.282783 0 0.0136615 0.0142904 -0.238934 0.000210213 9.32607e-06
29.8423 0 -0.281782 0 0.0135239 0.0141445 -0.239993 0.000318168 9.30858e-06
29.8423 0 -0.280781 0 0.0133735 0.0139841 -0.241017 0.000443168 9.28459e-06
29.8423 0 -0.27978 0 0.0132084 0.0138073 -0.242004 0.000587505 9.25323e-06
29.8423 0 -0.278779 0 0.0130433 0.0136304 -0.242991 0.000731841 9.22186e-06
29.8423 0 -0.277778 0 0.0128783 0.0134535 -0.243978 0.000876178 9.1905e-06
29.8423 0 -0.276777 0 0.0127132 0.0132767 -0.244964 0.00102051 9.15914e-06
29.8423 0 -0.275776 0 0.0125481 0.0130998 -0.245951 0.00116485 9.12777e-06
29.8423 0 -0.274775 0 0.0123831 0.0129229 -0.246938 0.00130919 9.09641e-06
29.8423 0 -0.273774 0 0.012218 0.0127461 -0.247925 0.00145352 9.06505e-06
29.8423 0 -0.272773 0 0.012053 0.0125692 -0.248911 0.00159786 9.03368e-06
29.8423 0 -0.271772 0 0.0118879 0.0123923 -0.249898 0.0017422 9.00232e-06
29.8423 0 -0.270771 0 0.0117228 0.0122155 -0.250885 0.00188653 8.97096e-06
29.8423 0 -0.26977 0 0.0115578 0.0120386 -0.251872 0.00203087 8.93959e-06
29.8423 0 -0.268769 0 0.0113927 0.0118617 -0.252858 0.00217521 8.90823e-06
29.8423 0 -0.267768 0 0.0112276 0.0116848 -0.253845 0.00231954 8.87687e-06
29.8423 0 -0.266767 0 0.0110626 0.011508 -0.254832 0.00246388 8.84551e-06
29.8423 0 -0.265766 0 0.0108975 0.0113311 -0.255819 0.00260822 8.81414e-06
29.8423 0 -0.264765 0 0.0107073 0.0111259 -0.25672 0.00278407 8.77081e-06
29.8423 0 -0.263764 0 0.010513 0.010916 -0.257608 0.00296509 8.72552e-06
29.8423 0 -0.262763 0 0.0103186 0.0107061 -0.258496 0.00314611 8.68024e-06
29.8423 0 -0.261762 0 0.0101243 0.0104962 -0.259383 0.00332713 8.63495e-06
29.8423 0 -0.260761 0 0.00992994 0.0102863 -0.260271 0.00350814 8.58966e-06
29.8423 0 -0.25976 0 0.00973559 0.0100764 -0.261159 0.00368916 8.54437e-06
29.8423 0 -0.258759 0 0.00954125 0.00986656 -0.262047 0.00387018 8.49908e-06
29.8423 0 -0.257758 0 0.00934691 0.00965667 -0.262934 0.0040512 8.45379e-06
29.8423 0 -0.256757 0 0.00915257 0.00944679 -0.263822 0.00423222 8.4085e-06
29.8423 0 -0.255756 0 0.00895822 0.0092369 -0.26471 0.00441324 8.36321e-06
29.8423 0 -0.254755 0 0.00876388 0.00902702 -0.265597 0.00459426 8.31792e-06
29.8423 0 -0.253754 0 0.00856954 0.00881713 -0.266485 0.00477528 8.27263e-06
29.8423 0 -0.252753 0 0.0083752 0.00860725 -0.267373 0.0049563 8.22734e-06
29.8423 0 -0.251752 0 0.00818085 0.00839736 -0.26826 0.00513732 8.18205e-06
29.8423 0 -0.250751 0 0.00798651 0.00818747 -0.269148 0.00531834 8.13676e-06
29.8423 0 -0.24975 0 0.00778459 0.00797055 -0.270004 0.00550818 8.08817e-06
29.8423 0 -0.248749 0 0.0075599 0.00773246 -0.270765 0.00572454 8.02967e-06
29.8423 0 -0.247748 0 0.00733521 0.00749438 -0.271526 0.0059409 7.97116e-06
29.8423 0 -0.246747 0 0.00711052 0.00725629 -0.272287 0.00615726 7.91265e-06
29.8423 0 -0.245746 0 0.00688583 0.0070182 -0.273048 0.00637362 7.85414e-06
29.8423 0 -0.244745 0 0.00666114 0.00678012 -0.273808 0.00658997 7.79563e-06
29.8423 0 -0.243744 0 0.00643645 0.00654203 -0.274569 0.00680633 7.73713e-06
29.8423 0 -0.242743 0 0.00621176 0.00630395 -0.27533 0.00702269 7.67862e-06
29.8423 0 -0.241742 0 0.00598707 0.00606586 -0.276091 0.00723905 7.62011e-06
29.8423 0 -0.240741 0 0.00576238 0.00582778 -0.276852 0.00745541 7.5616e-06
29.8423 0 -0.23974 0 0.00553768 0.00558969 -0.277613 0.00767177 7.5031e-06
29.8423 0 -0.238739 0 0.00531299 0.00535161 -0.278373 0.00788812 7.44459e-06
29.8423 0 -0.237738 0 0.0050883 0.00511352 -0.279134 0.00810448 7.38608e-06
29.8423 0 -0.236737 0 0.00486361 0.00487544 -0.279895 0.00832084 7.32757e-06
29.8423 0 -0.235736 0 0.00463892 0.00463735 -0.280656 0.0085372 7.26907e-06
29.8423 0 -0.234735 0 0.00441423 0.00439927 -0.281417 0.00875356 7.21056e-06
29.8423 0 -0.233734 0 0.00417019 0.00414352 -0.28208 0.00899069 7.14457e-06
29.8423 0 -0.232733 0 0.00391528 0.00387785 -0.282688 0.00923948 7.07437e-06
29.8423 0 -0.231732 0 0.00366037 0.00361219 -0.283296 0.00948828 7.00417e-06
29.8423 0 -0.230731 0 0.00340546 0.00334652 -0.283905 0.00973708 6.93397e-06
29.8423 0 -0.22973 0 0.00315055 0.00308085 -0.284513 0.00998588 6.86377e-06
29.8423 0 -0.228729 0 0.00289564 0.00281519 -0.285121 0.0102347 6.79357e-06
29.8423 0 -0.227728 0 0.00264073 0.00254952 -0.285729 0.0104835 6.72337e-06
29.8423 0 -0.226727 0 0.00238582 0.00228385 -0.286337 0.0107323 6.65317e-06
29.8423 0 -0.225726 0 0.00213091 0.00201819 -0.286946 0.0109811 6.58297e-06
29.8423 0 -0.224725 0 0.00187599 0.00175252 -0.287554 0.0112299 6.51278e-06
29.8423 0 -0.223724 0 0.00162108 0.00148686 -0.288162 0.0114787 6.44258e-06
29.8423 0 -0.222723 0 0.00136617 0.00122119 -0.28877 0.0117275 6.37238e-06
29.8423 0 -0.221722 0 0.00111126 0.000955523 -0.289379 0.0119763 6.30218e-06
29.8423 0 -0.220721 0 0.000856353 0.000689857 -0.289987 0.012225 6.23198e-06
29.8423 0 -0.21972 0 0.000601442 0.00042419 -0.290595 0.0124738 6.16178e-06
29.8423 0 -0.218719 0 0.000345642 0.000157573 -0.291198 0.0127235 6.09129e-06
29.8423 0 -0.217718 0 6.20145e-05 -0.000138802 -0.291632 0.0130001 6.01171e-06
29.8423 0 -0.216717 0 -0.000221613 -0.000435176 -0.292065 0.0132768 5.93214e-06
29.8423 0 -0.215716 0 -0.000505241 -0.00073155 -0.292499 0.0135534 5.85256e-06
29.8423 0 -0.214715 0 -0.000788869 -0.00102792 -0.292933 0.01383 5.77298e-06
29.8423 0 -0.213714 0 -0.0010725 -0.0013243 -0.293366 0.0141066 5.69341e-06
29.8423 0 -0.212713 0 -0.00135612 -0.00162067 -0.2938 0.0143833 5.61383e-06
29.8423 0 -0.211712 0 -0.00163975 -0.00191705 -0.294234 0.0146599 5.53425e-06
29.8423 0 -0.210711 0 -0.00192338 -0.00221342 -0.294668 0.0149365 5.45468e-06
29.8423 0 -0.20971 0 -0.00220701 -0.0025098 -0.295101 0.0152131 5.3751e-06
29.8423 0 -0.208709 0 -0.00249064 -0.00280617 -0.295535 0.0154898 5.29552e-06
29.8423 0 -0.207708 0 -0.00277426 -0.00310255 -0.295969 0.0157664 5.21595e-06
29.8423 0 -0.206707 0 -0.00305789 -0.00339892 -0.296403 0.016043 5.13637e-06
29.8423 0 -0.205706 0 -0.00334152 -0.00369529 -0.296836 0.0163196 5.05679e-06
29.8423 0 -0.204705 0 -0.00362515 -0.00399167 -0.29727 0.0165963 4.97722e-06
29.8423 0 -0.203704 0 -0.00390878 -0.00428804 -0.297704 0.0168729 4.89764e-06
29.8423 0 -0.202703 0 -0.00420338 -0.00459553 -0.298057 0.0171587 4.81537e-06
29.8423 0 -0.201702 0 -0.00451304 -0.00491826 -0.298299 0.017457 4.72939e-06
29.8423 0 -0.200701 0 -0.0048227 -0.00524099 -0.298542 0.0177554 4.64342e-06
29.8423 0 -0.1997 0 -0.00513236 -0.00556371 -0.298784 0.0180538 4.55745e-06
29.8423 0 -0.198699 0 -0.00544202 -0.00588644 -0.299027 0.0183521 4.47147e-06
29.8423 0 -0.197698 0 -0.00575167 -0.00620917 -0.299269 0.0186505 4.3855e-06
29.8423 0 -0.196697 0 -0.00606133 -0.0065319 -0.299512 0.0189489 4.29953e-06
29.8423 0 -0.195696 0 -0.00637099 -0.00685463 -0.299754 0.0192472 4.21356e-06
29.8423 0 -0.194695 0 -0.00668065 -0.00717736 -0.299997 0.0195456 4.12758e-06
29.8423 0 -0.193694 0 -0.00699031 -0.00750009 -0.300239 0.0198439 4.04161e-06
29.8423 0 -0.192693 0 -0.00729997 -0.00782282 -0.300482 0.0201423 3.95564e-06
29.8423 0 -0.191692 0 -0.00760963 -0.00814555 -0.300724 0.0204407 3.86966e-06
29.8423 0 -0.190691 0 -0.00791929 -0.00846828 -0.300967 0.020739 3.78369e-06
29.8423 0 -0.18969 0 -0.00822895 -0.00879101 -0.301209 0.0210374 3.69772e-06
29.8423 0 -0.188689 0 -0.00853861 -0.00911374 -0.301452 0.0213358 3.61175e-06
29.8423 0 -0.187688 0 -0.00884827 -0.00943646 -0.301694 0.0216341 3.52577e-06
29.8423 0 -0.186687 0 -0.00917597 -0.00977614 -0.301774 0.0219445 3.43739e-06
29.8423 0 -0.185686 0 -0.00950783 -0.0101197 -0.301815 0.0222576 3.34846e-06
29.8423 0 -0.184685 0 -0.0098397 -0.0104633 -0.301856 0.0225707 3.25952e-06
29.8423 0 -0.183684 0 -0.0101716 -0.0108069 -0.301898 0.0228838 3.17058e-06
29.8423 0 -0.182683 0 -0.0105034 -0.0111505 -0.301939 0.023197 3.08164e-06
29.8423 0 -0.181682 0 -0.0108353 -0.0114941 -0.30198 0.0235101 2.99271e-06
29.8423 0 -0.180681 0 -0.0111672 -0.0118377 -0.302022 0.0238232 2.90377e-06
29.8423 0 -0.17968 0 -0.011499 -0.0121813 -0.302063 0.0241363 2.81483e-06
29.8423 0 -0.178679 0 -0.0118309 -0.0125249 -0.302105 0.0244495 2.7259e-06
29.8423 0 -0.177678 0 -0.0121628 -0.0128685 -0.302146 0.0247626 2.63696e-06
29.8423 0 -0.176677 0 -0.0124946 -0.0132121 -0.302187 0.0250757 2.54802e-06
29.8423 0 -0.175676 0 -0.0128265 -0.0135557 -0.302229 0.0253888 2.45909e-06
29.8423 0 -0.174675 0 -0.0131584 -0.0138993 -0.30227 0.025702 2.37015e-06
29.8423 0 -0.173674 0 -0.0134902 -0.0142429 -0.302312 0.0260151 2.28121e-06
29.8423 0 -0.172673 0 -0.0138221 -0.0145864 -0.302353 0.0263282 2.19228e-06
29.8423 0 -0.171672 0 -0.0141575 -0.0149332 -0.302353 0.0266428 2.10346e-06
29.8423 0 -0.170671 0 -0.0145065 -0.0152921 -0.302191 0.0269633 2.01513e-06
29.8423 0 -0.16967 0 -0.0148555 -0.0156511 -0.302029 0.0272838 1.92679e-06
29.8423 0 -0.168669 0 -0.0152046 -0.0160101 -0.301866 0.0276043 1.83846e-06
29.8423 0 -0.167668 0 -0.0155536 -0.016369 -0.301704 0.0279248 1.75013e-06
29.8423 0 -0.166667 0 -0.0159026 -0.016728 -0.301542 0.0282453 1.66179e-06
29.8423 0 -0.165666 0 -0.0162516 -0.017087 -0.30138 0.0285657 1.57346e-06
29.8423 0 -0.164665 0 -0.0166007 -0.017446 -0.301217 0.0288862 1.48513e-06
29.8423 0 -0.163664 0 -0.0169497 -0.0178049 -0.301055 0.0292067 1.39679e-06
29.8423 0 -0.162663 0 -0.0172987 -0.0181639 -0.300893 0.0295272 1.30846e-06
29.8423 0 -0.161662 0 -0.0176478 -0.0185229 -0.300731 0.0298477 1.22012e-06
29.8423 0 -0.160661 0 -0.0179968 -0.0188819 -0.300568 0.0301682 1.13179e-06
29.8423 0 -0.15966 0 -0.0183458 -0.0192408 -0.300406 0.0304887 1.04346e-06
29.8423 0 -0.158659 0 -0.0186949 -0.0195998 -0.300244 0.0308092 9.55123e-07
29.8423 0 -0.157658 0 -0.0190439 -0.0199588 -0.300082 0.0311296 8.66789e-07
29.8423 0 -0.156657 0 -0.0193929 -0.0203177 -0.299919 0.0314501 7.78455e-07
29.8423 0 -0.155656 0 -0.0197486 -0.0206825 -0.299639 0.0317705 6.92514e-07
29.8423 0 -0.154655 0 -0.0201088 -0.0210513 -0.299278 0.0320908 6.08213e-07
29.8423 0 -0.153654 0 -0.0204691 -0.0214201 -0.298917 0.0324112 5.23911e-07
29.8423 0 -0.152653 0 -0.0208293 -0.0217888 -0.298557 0.0327315 4.3961e-07
29.8423 0 -0.151652 0 -0.0211896 -0.0221576 -0.298196 0.0330518 3.55308e-07
29.8423 0 -0.150651 0 -0.0215498 -0.0225264 -0.297835 0.0333721 2.71007e-07
29.8423 0 -0.14965 0 -0.02191 -0.0228952 -0.297474 0.0336925 1.86706e-07
29.8423 0 -0.148649 0 -0.0222703 -0.0232639 -0.297113 0.0340128 1.02404e-07
29.8423 0 -0.147648 0 -0.0226305 -0.0236327 -0.296752 0.0343331 1.81027e-08
29.8423 0 -0.146647 0 -0.0229908 -0.0240015 -0.296391 0.0346534 -6.61988e-08
29.8423 0 -0.145646 0 -0.023351 -0.0243702 -0.29603 0.0349738 -1.505e-07
29.8423 0 -0.144645 0 -0.0237113 -0.024739 -0.295669 0.0352941 -2.34802e-07
29.8423 0 -0.143644 0 -0.0240715 -0.0251078 -0.295308 0.0356144 -3.19103e-07
29.8423 0 -0.142643 0 -0.0244317 -0.0254766 -0.294947 0.0359347 -4.03405e-07
29.8423 0 -0.141642 0 -0.024792 -0.0258453 -0.294586 0.0362551 -4.87706e-07
29.8423 0 -0.140641 0 -0.0251522 -0.0262141 -0.294226 0.0365754 -5.72008e-07
29.8423 0 -0.13964 0 -0.0255173 -0.0265861 -0.293681 0.0368886 -6.49362e-07
29.8423 0 -0.138639 0 -0.0258825 -0.0269581 -0.293133 0.0372017 -7.26605e-07
29.8423 0 -0.137638 0 -0.0262477 -0.0273302 -0.292585 0.0375148 -8.03847e-07
29.8423 0 -0.136637 0 -0.0266128 -0.0277022 -0.292037 0.0378279 -8.81089e-07
29.8423 0 -0.135636 0 -0.026978 -0.0280743 -0.291489 0.038141 -9.58331e-07
29.8423 0 -0.134635 0 -0.0273432 -0.0284463 -0.290942 0.0384541 -1.03557e-06
29.8423 0 -0.133634 0 -0.0277084 -0.0288184 -0.290394 0.0387672 -1.11282e-06
29.8423 0 -0.132633 0 -0.0280736 -0.0291904 -0.289846 0.0390803 -1.19006e-06
29.8423 0 -0.131632 0 -0.0284387 -0.0295625 -0.289298 0.0393934 -1.2673e-06
29.8423 0 -0.130631 0 -0.0288039 -0.0299345 -0.28875 0.0397065 -1.34454e-06
29.8423 0 -0.12963 0 -0.0291691 -0.0303066 -0.288203 0.0400196 -1.42178e-06
29.8423 0 -0.128629 0 -0.0295343 -0.0306786 -0.287655 0.0403327 -1.49903e-06
29.8423 0 -0.127628 0 -0.0298994 -0.0310507 -0.287107 0.0406458 -1.57627e-06
29.8423 0 -0.126627 0 -0.0302646 -0.0314227 -0.286559 0.0409589 -1.65351e-06
29.8423 0 -0.125626 0 -0.0306298 -0.0317948 -0.286011 0.041272 -1.73075e-06
29.8423 0 -0.124625 0 -0.0309944 -0.0321657 -0.2854 0.0415801 -1.80446e-06
29.8423 0 -0.123624 0 -0.0313582 -0.0325346 -0.284683 0.04188 -1.87227e-06
29.8423 0 -0.122623 0 -0.031722 -0.0329035 -0.283965 0.0421799 -1.94009e-06
29.8423 0 -0.121622 0 -0.0320858 -0.0332724 -0.283248 0.0424797 -2.0079e-06
29.8423 0 -0.120621 0 -0.0324496 -0.0336413 -0.282531 0.0427796 -2.07571e-06
29.8423 0 -0.11962 0 -0.0328134 -0.0340102 -0.281814 0.0430795 -2.14352e-06
29.8423 0 -0.118619 0 -0.0331772 -0.0343791 -0.281097 0.0433793 -2.21133e-06
29.8423 0 -0.117618 0 -0.033541 -0.0347481 -0.280379 0.0436792 -2.27915e-06
29.8423 0 -0.116617 0 -0.0339048 -0.035117 -0.279662 0.0439791 -2.34696e-06
29.8423 0 -0.115616 0 -0.0342686 -0.0354859 -0.278945 0.044279 -2.41477e-06
29.8423 0 -0.114615 0 -0.0346324 -0.0358548 -0.278228 0.0445788 -2.48258e-06
29.8423 0 -0.113614 0 -0.0349961 -0.0362237 -0.27751 0.0448787 -2.55039e-06
29.8423 0 -0.112613 0 -0.0353599 -0.0365926 -0.276793 0.0451786 -2.6182e-06
29.8423 0 -0.111612 0 -0.0357237 -0.0369615 -0.276076 0.0454785 -2.68602e-06
29.8423 0 -0.110611 0 -0.0360875 -0.0373305 -0.275359 0.0457783 -2.75383e-06
29.8423 0 -0.10961 0 -0.0364513 -0.0376994 -0.274641 0.0460782 -2.82164e-06
29.8423 0 -0.108609 0 -0.0368094 -0.0380614 -0.273811 0.0463643 -2.88103e-06
29.8423 0 -0.107608 0 -0.0371657 -0.0384213 -0.272946 0.0466463 -2.93783e-06
29.8423 0 -0.106607 0 -0.037522 -0.0387812 -0.272081 0.0469282 -2.99464e-06
29.8423 0 -0.105606 0 -0.0378783 -0.0391411 -0.271215 0.0472101 -3.05144e-06
29.8423 0 -0.104605 0 -0.0382346 -0.039501 -0.27035 0.0474921 -3.10824e-06
29.8423 0 -0.103604 0 -0.0385909 -0.0398609 -0.269485 0.047774 -3.16505e-06
29.8423 0 -0.102603 0 -0.0389473 -0.0402208 -0.26862 0.0480559 -3.22185e-06
29.8423 0 -0.101602 0 -0.0393036 -0.0405807 -0.267755 0.0483379 -3.27866e-06
29.8423 0 -0.100601 0 -0.0396599 -0.0409406 -0.26689 0.0486198 -3.33546e-06
29.8423 0 -0.0996 0 -0.0400162 -0.0413005 -0.266024 0.0489018 -3.39226e-06
29.8423 0 -0.098599 0 -0.0403725 -0.0416604 -0.265159 0.0491837 -3.44907e-06
29.8423 0 -0.097598 0 -0.0407288 -0.0420203 -0.264294 0.0494656 -3.50587e-06
29.8423 0 -0.096597 0 -0.0410851 -0.0423802 -0.263429 0.0497476 -3.56268e-06
29.8423 0 -0.095596 0 -0.0414414 -0.0427401 -0.262564 0.0500295 -3.61948e-06
29.8423 0 -0.094595 0 -0.0417978 -0.0431 -0.261699 0.0503114 -3.67628e-06
29.8423 0 -0.093594 0 -0.0421521 -0.0434576 -0.260814 0.0505901 -3.73125e-06
29.8423 0 -0.092593 0 -0.0424954 -0.0438031 -0.259825 0.0508508 -3.77628e-06
29.8423 0 -0.091592 0 -0.0428388 -0.0441486 -0.258836 0.0511115 -3.82131e-06
29.8423 0 -0.090591 0 -0.0431821 -0.0444942 -0.257846 0.0513723 -3.86633e-06
29.8423 0 -0.08959 0 -0.0435255 -0.0448397 -0.256857 0.051633 -3.91136e-06
29.8423 0 -0.088589 0 -0.0438688 -0.0451852 -0.255868 0.0518938 -3.95639e-06
29.8423 0 -0.087588 0 -0.0442122 -0.0455307 -0.254878 0.0521545 -4.00141e-06
29.8423 0 -0.086587 0 -0.0445555 -0.0458762 -0.253889 0.0524153 -4.04644e-06
29.8423 0 -0.085586 0 -0.0448989 -0.0462217 -0.2529 0.052676 -4.09147e-06
29.8423 0 -0.084585 0 -0.0452422 -0.0465673 -0.251911 0.0529367 -4.1365e-06
29.8423 0 -0.083584 0 -0.0455856 -0.0469128 -0.250921 0.0531975 -4.18152e-06
29.8423 0 -0.082583 0 -0.0459289 -0.0472583 -0.249932 0.0534582 -4.22655e-06
29.8423 0 -0.081582 0 -0.0462723 -0.0476038 -0.248943 0.053719 -4.27158e-06
29.8423 0 -0.080581 0 -0.0466156 -0.0479493 -0.247953 0.0539797 -4.3166e-06
29.8423 0 -0.07958 0 -0.046959 -0.0482949 -0.246964 0.0542405 -4.36163e-06
29.8423 0 -0.078579 0 -0.0473023 -0.0486404 -0.245975 0.0545012 -4.40666e-06
29.8423 0 -0.077578 0 -0.0476361 -0.0489755 -0.244931 0.0547494 -4.44524e-06
29.8423 0 -0.076577 0 -0.0479618 -0.0493019 -0.243842 0.0549873 -4.47847e-06
29.8423 0 -0.075576 0 -0.0482876 -0.0496284 -0.242753 0.0552251 -4.51171e-06
29.8423 0 -0.074575 0 -0.0486133 -0.0499548 -0.241664 0.055463 -4.54494e-06
29.8423 0 -0.073574 0 -0.0489391 -0.0502813 -0.240575 0.0557008 -4.57817e-06
29.8423 0 -0.072573 0 -0.0492648 -0.0506077 -0.239486 0.0559387 -4.6114e-06
29.8423 0 -0.071572 0 -0.0495905 -0.0509342 -0.238397 0.0561765 -4.64464e-06
29.8423 0 -0.070571 0 -0.0499163 -0.0512607 -0.237308 0.0564144 -4.67787e-06
29.8423 0 -0.06957 0 -0.050242 -0.0515871 -0.236219 0.0566522 -4.7111e-06
29.8423 0 -0.068569 0 -0.0505678 -0.0519136 -0.235131 0.0568901 -4.74433e-06
29.8423 0 -0.067568 0 -0.0508935 -0.05224 -0.234042 0.0571279 -4.77757e-06
29.8423 0 -0.066567 0 -0.0512193 -0.0525665 -0.232953 0.0573658 -4.8108e-06
29.8423 0 -0.065566 0 -0.051545 -0.0528929 -0.231864 0.0576036 -4.84403e-06
29.8423 0 -0.064565 0 -0.0518708 -0.0532194 -0.230775 0.0578415 -4.87726e-06
29.8423 0 -0.063564 0 -0.0521965 -0.0535458 -0.229686 0.0580793 -4.9105e-06
29.8423 0 -0.062563 0 -0.0525223 -0.0538723 -0.228597 0.0583172 -4.94373e-06
29.8423 0 -0.061562 0 -0.052828 -0.0541775 -0.227436 0.0585333 -4.96649e-06
29.8423 0 -0.060561 0 -0.0531323 -0.0544812 -0.226271 0.058748 -4.98855e-06
29.8423 0 -0.05956 0 -0.0534367 -0.054785 -0.225106 0.0589627 -5.01061e-06
29.8423 0 -0.058559 0 -0.0537411 -0.0550887 -0.223941 0.0591774 -5.03268e-06
29.8423 0 -0.057558 0 -0.0540454 -0.0553925 -0.222775 0.0593921 -5.05474e-06
29.8423 0 -0.056557 0 -0.0543498 -0.0556962 -0.22161 0.0596068 -5.0768e-06
29.8423 0 -0.055556 0 -0.0546542 -0.0559999 -0.220445 0.0598215 -5.09886e-06
29.8423 0 -0.054555 0 -0.0549586 -0.0563037 -0.21928 0.0600362 -5.12092e-06
29.8423 0 -0.053554 0 -0.0552629 -0.0566074 -0.218114 0.0602509 -5.14298e-06
29.8423 0 -0.052553 0 -0.0555673 -0.0569112 -0.216949 0.0604656 -5.16504e-06
29.8423 0 -0.051552 0 -0.0558717 -0.0572149 -0.215784 0.0606803 -5.1871e-06
29.8423 0 -0.050551 0 -0.056176 -0.0575187 -0.214619 0.060895 -5.20916e-06
29.8423 0 -0.04955 0 -0.0564804 -0.0578224 -0.213453 0.0611097 -5.23122e-06
29.8423 0 -0.048549 0 -0.0567848 -0.0581262 -0.212288 0.0613244 -5.25328e-06
29.8423 0 -0.047548 0 -0.0570891 -0.0584299 -0.211123 0.0615391 -5.27534e-06
29.8423 0 -0.046547 0 -0.0573856 -0.0587253 -0.20994 0.0617465 -5.2941e-06
29.8423 0 -0.045546 0 -0.0576657 -0.0590037 -0.208719 0.0619389 -5.30608e-06
29.8423 0 -0.044545 0 -0.0579458 -0.0592821 -0.207499 0.0621314 -5.31805e-06
29.8423 0 -0.043544 0 -0.0582259 -0.0595605 -0.206278 0.0623238 -5.33003e-06
29.8423 0 -0.042543 0 -0.058506 -0.0598389 -0.205058 0.0625163 -5.342e-06
29.8423 0 -0.041542 0 -0.0587861 -0.0601173 -0.203838 0.0627088 -5.35398e-06
29.8423 0 -0.040541 0 -0.0590663 -0.0603957 -0.202617 0.0629012 -5.36596e-06
29.8423 0 -0.03954 0 -0.0593464 -0.0606742 -0.201397 0.0630937 -5.37793e-06
29.8423 0 -0.038539 0 -0.0596265 -0.0609526 -0.200177 0.0632862 -5.38991e-06
29.8423 0 -0.037538 0 -0.0599066 -0.061231 -0.198956 0.0634786 -5.40189e-06
29.8423 0 -0.036537 0 -0.0601867 -0.0615094 -0.197736 0.0636711 -5.41386e-06
29.8423 0 -0.035536 0 -0.0604669 -0.0617878 -0.196516 0.0638635 -5.42584e-06
29.8423 0 -0.034535 0 -0.060747 -0.0620662 -0.195295 0.064056 -5.43782e-06
29.8423 0 -0.033534 0 -0.0610271 -0.0623446 -0.194075 0.0642485 -5.44979e-06
29.8423 0 -0.032533 0 -0.0613072 -0.062623 -0.192855 0.0644409 -5.46177e-06
29.8423 0 -0.031532 0 -0.0615873 -0.0629014 -0.191634 0.0646334 -5.47375e-06
29.8423 0 -0.030531 0 -0.0618486 -0.0631604 -0.190388 0.0648112 -5.47947e-06
29.8423 0 -0.02953 0 -0.0621024 -0.0634118 -0.18913 0.0649833 -5.48275e-06
29.8423 0 -0.028529 0 -0.0623563 -0.0636631 -0.187873 0.0651553 -5.48602e-06
29.8423 0 -0.027528 0 -0.0626101 -0.0639145 -0.186616 0.0653274 -5.4893e-06
29.8423 0 -0.026527 0 -0.062864 -0.0641659 -0.185359 0.0654995 -5.49257e-06
29.8423 0 -0.025526 0 -0.0631178 -0.0644173 -0.184101 0.0656715 -5.49585e-06
29.8423 0 -0.024525 0 -0.0633717 -0.0646687 -0.182844 0.0658436 -5.49912e-06
29.8423 0 -0.023524 0 -0.0636256 -0.0649201 -0.181587 0.0660157 -5.5024e-06
29.8423 0 -0.022523 0 -0.0638794 -0.0651715 -0.18033 0.0661877 -5.50568e-06
29.8423 0 -0.021522 0 -0.0641333 -0.0654229 -0.179072 0.0663598 -5.50895e-06
29.8423 0 -0.020521 0 -0.0643871 -0.0656743 -0.177815 0.0665318 -5.51223e-06
29.8423 0 -0.01952 0 -0.064641 -0.0659257 -0.176558 0.0667039 -5.5155e-06
29.8423 0 -0.018519 0 -0.0648948 -0.0661771 -0.175301 0.066876 -5.51878e-06
29.8423 0 -0.017518 0 -0.0651487 -0.0664285 -0.174043 0.067048 -5.52205e-06
29.8423 0 -0.016517 0 -0.0654025 -0.0666799 -0.172786 0.0672201 -5.52533e-06
29.8423 0 -0.015516 0 -0.0656534 -0.0669282 -0.171526 0.0673902 -5.52782e-06
29.8423 0 -0.014515 0 -0.0658797 -0.0671517 -0.170247 0.0675443 -5.52391e-06
29.8423 0 -0.013514 0 -0.066106 -0.0673753 -0.168968 0.0676985 -5.52e-06
29.8423 0 -0.012513 0 -0.0663323 -0.0675988 -0.167688 0.0678526 -5.51609e-06
29.8423 0 -0.011512 0 -0.0665586 -0.0678223 -0.166409 0.0680067 -5.51218e-06
29.8423 0 -0.010511 0 -0.0667849 -0.0680458 -0.165129 0.0681608 -5.50827e-06
29.8423 0 -0.00951 0 -0.0670113 -0.0682693 -0.16385 0.0683149 -5.50436e-06
29.8423 0 -0.008509 0 -0.0672376 -0.0684929 -0.162571 0.068469 -5.50044e-06
29.8423 0 -0.007508 0 -0.0674639 -0.0687164 -0.161291 0.0686231 -5.49653e-06
29.8423 0 -0.006507 0 -0.0676902 -0.0689399 -0.160012 0.0687773 -5.49262e-06
29.8423 0 -0.005506 0 -0.0679165 -0.0691634 -0.158732 0.0689314 -5.48871e-06
29.8423 0 -0.004505 0 -0.0681428 -0.0693869 -0.157453 0.0690855 -5.4848e-06
29.8423 0 -0.003504 0 -0.0683691 -0.0696105 -0.156174 0.0692396 -5.48089e-06
29.8423 0 -0.002503 0 -0.0685955 -0.069834 -0.154894 0.0693937 -5.47698e-06
29.8423 0 -0.001502 0 -0.0688218 -0.0700575 -0.153615 0.0695478 -5.47307e-06
29.8423 0 -0.000501 0 -0.0690481 -0.070281 -0.152335 0.0697019 -5.46916e-06
29.8423 0 0.000501 0 -0.0692605 -0.0704907 -0.151049 0.0698486 -5.4624e-06
29.8423 0 0.001502 0 -0.0694586 -0.0706861 -0.149759 0.0699875 -5.45281e-06
29.8423 0 0.002503 0 -0.0696568 -0.0708815 -0.148469 0.0701263 -5.44323e-06
29.8423 0 0.003504 0 -0.0698549 -0.0710768 -0.147179 0.0702652 -5.43364e-06
29.8423 0 0.004505 0 -0.070053 -0.0712722 -0.145888 0.0704041 -5.42405e-06
29.8423 0 0.005506 0 -0.0702511 -0.0714676 -0.144598 0.070543 -5.41446e-06
29.8423 0 0.006507 0 -0.0704493 -0.071663 -0.143308 0.0706818 -5.40487e-06
29.8423 0 0.007508 0 -0.0706474 -0.0718584 -0.142017 0.0708207 -5.39529e-06
29.8423 0 0.008509 0 -0.0708455 -0.0720538 -0.140727 0.0709596 -5.3857e-06
29.8423 0 0.00951 0 -0.0710436 -0.0722492 -0.139437 0.0710985 -5.37611e-06
29.8423 0 0.010511 0 -0.0712418 -0.0724445 -0.138147 0.0712374 -5.36652e-06
29.8423 0 0.011512 0 -0.0714399 -0.0726399 -0.136856 0.0713762 -5.35693e-06
29.8423 0 0.012513 0 -0.071638 -0.0728353 -0.135566 0.0715151 -5.34734e-06
29.8423 0 0.013514 0 -0.0718361 -0.0730307 -0.134276 0.071654 -5.33776e-06
29.8423 0 0.014515 0 -0.0720343 -0.0732261 -0.132985 0.0717929 -5.32817e-06
29.8423 0 0.015516 0 -0.0722324 -0.0734215 -0.131695 0.0719317 -5.31858e-06
29.8423 0 0.016517 0 -0.0724052 -0.0735918 -0.130402 0.0720594 -5.30518e-06
29.8423 0 0.017518 0 -0.072575 -0.073759 -0.129109 0.0721857 -5.29132e-06
29.8423 0 0.018519 0 -0.0727448 -0.0739262 -0.127816 0.0723121 -5.27746e-06
29.8423 0 0.01952 0 -0.0729146 -0.0740935 -0.126523 0.0724384 -5.2636e-06
29.8423 0 0.020521 0 -0.0730843 -0.0742607 -0.12523 0.0725647 -5.24974e-06
29.8423 0 0.021522 0 -0.0732541 -0.0744279 -0.123937 0.072691 -5.23588e-06
29.8423 0 0.022523 0 -0.0734239 -0.0745952 -0.122643 0.0728173 -5.22202e-06
29.8423 0 0.023524 0 -0.0735936 -0.0747624 -0.12135 0.0729436 -5.20816e-06
29.8423 0 0.024525 0 -0.0737634 -0.0749296 -0.120057 0.07307 -5.1943e-06
29.8423 0 0.025526 0 -0.0739332 -0.0750969 -0.118764 0.0731963 -5.18044e-06
29.8423 0 0.026527 0 -0.074103 -0.0752641 -0.117471 0.0733226 -5.16658e-06
29.8423 0 0.027528 0 -0.0742727 -0.0754313 -0.116178 0.0734489 -5.15272e-06
29.8423 0 0.028529 0 -0.0744425 -0.0755985 -0.114885 0.0735752 -5.13886e-06
29.8423 0 0.02953 0 -0.0746123 -0.0757658 -0.113591 0.0737015 -5.125e-06
29.8423 0 0.030531 0 -0.0747821 -0.075933 -0.112298 0.0738279 -5.11113e-06
29.8423 0 0.031532 0 -0.0749439 -0.0760924 -0.111006 0.0739513 -5.09642e-06
29.8423 0 0.032533 0 -0.0750855 -0.0762316 -0.109715 0.0740675 -5.07954e-06
29.8423 0 0.033534 0 -0.0752271 -0.0763708 -0.108424 0.0741837 -5.06266e-06
29.8423 0 0.034535 0 -0.0753688 -0.07651 -0.107134 0.0742999 -5.04577e-06
29.8423 0 0.035536 0 -0.0755104 -0.0766492 -0.105843 0.0744161 -5.02889e-06
29.8423 0 0.036537 0 -0.075652 -0.0767884 -0.104552 0.0745323 -5.01201e-06
29.8423 0 0.037538 0 -0.0757936 -0.0769276 -0.103261 0.0746485 -4.99512e-06
29.8423 0 0.038539 0 -0.0759353 -0.0770669 -0.101971 0.0747647 -4.97824e-06
29.8423 0 0.03954 0 -0.0760769 -0.0772061 -0.10068 0.0748809 -4.96135e-06
29.8423 0 0.040541 0 -0.0762185 -0.0773453 -0.099389 0.0749971 -4.94447e-06
29.8423 0 0.041542 0 -0.0763601 -0.0774845 -0.0980982 0.0751133 -4.92759e-06
29.8423 0 0.042543 0 -0.0765017 -0.0776237 -0.0968075 0.0752294 -4.9107e-06
29.8423 0 0.043544 0 -0.0766434 -0.0777629 -0.0955167 0.0753456 -4.89382e-06
29.8423 0 0.044545 0 -0.076785 -0.0779021 -0.0942259 0.0754618 -4.87694e-06
29.8423 0 0.045546 0 -0.0769266 -0.0780413 -0.0929352 0.075578 -4.86005e-06
29.8423 0 0.046547 0 -0.0770682 -0.0781806 -0.0916444 0.0756942 -4.84317e-06
29.8423 0 0.047548 0 -0.0771912 -0.0783012 -0.0903573 0.075805 -4.82498e-06
29.8423 0 0.048549 0 -0.0773052 -0.0784128 -0.0890719 0.0759131 -4.80614e-06
29.8423 0 0.04955 0 -0.0774191 -0.0785243 -0.0877865 0.0760211 -4.78731e-06
29.8423 0 0.050551 0 -0.077533 -0.0786359 -0.0865012 0.0761292 -4.76848e-06
29.8423 0 0.051552 0 -0.077647 -0.0787475 -0.0852158 0.0762373 -4.74965e-06
29.8423 0 0.052553 0 -0.0777609 -0.078859 -0.0839304 0.0763454 -4.73081e-06
29.8423 0 0.053554 0 -0.0778748 -0.0789706 -0.082645 0.0764535 -4.71198e-06
29.8423 0 0.054555 0 -0.0779887 -0.0790822 -0.0813597 0.0765616 -4.69315e-06
29.8423 0 0.055556 0 -0.0781027 -0.0791937 -0.0800743 0.0766697 -4.67431e-06
29.8423 0 0.056557 0 -0.0782166 -0.0793053 -0.0787889 0.0767778 -4.65548e-06
29.8423 0 0.057558 0 -0.0783305 -0.0794169 -0.0775035 0.0768859 -4.63665e-06
29.8423 0 0.058559 0 -0.0784445 -0.0795284 -0.0762182 0.076994 -4.61782e-06
29.8423 0 0.05956 0 -0.0785584 -0.07964 -0.0749328 0.0771021 -4.59898e-06
29.8423 0 0.060561 0 -0.0786723 -0.0797516 -0.0736474 0.0772102 -4.58015e-06
29.8423 0 0.061562 0 -0.0787863 -0.0798631 -0.0723621 0.0773183 -4.56132e-06
29.8423 0 0.062563 0 -0.0788985 -0.079973 -0.0710771 0.0774259 -4.54242e-06
29.8423 0 0.063564 0 -0.0789853 -0.0800575 -0.0697985 0.0775274 -4.52253e-06
29.8423 0 0.064565 0 -0.0790722 -0.080142 -0.0685199 0.0776289 -4.50265e-06
29.8423 0 0.065566 0 -0.0791591 -0.0802264 -0.0672412 0.0777304 -4.48277e-06
29.8423 0 0.066567 0 -0.0792459 -0.0803109 -0.0659626 0.0778319 -4.46288e-06
29.8423 0 0.067568 0 -0.0793328 -0.0803954 -0.064684 0.0779334 -4.443e-06
29.8423 0 0.068569 0 -0.0794197 -0.0804799 -0.0634054 0.0780349 -4.42311e-06
29.8423 0 0.06957 0 -0.0795065 -0.0805644 -0.0621268 0.0781363 -4.40323e-06
29.8423 0 0.070571 0 -0.0795934 -0.0806488 -0.0608482 0.0782378 -4.38335e-06
29.8423 0 0.071572 0 -0.0796802 -0.0807333 -0.0595695 0.0783393 -4.36346e-06
29.8423 0 0.072573 0 -0.0797671 -0.0808178 -0.0582909 0.0784408 -4.34358e-06
29.8423 0 0.073574 0 -0.079854 -0.0809023 -0.0570123 0.0785423 -4.32369e-06
29.8423 0 0.074575 0 -0.0799408 -0.0809868 -0.0557337 0.0786438 -4.30381e-06
29.8423 0 0.075576 0 -0.0800277 -0.0810712 -0.0544551 0.0787453 -4.28393e-06
29.8423 0 0.076577 0 -0.0801146 -0.0811557 -0.0531764 0.0788467 -4.26404e-06
29.8423 0 0.077578 0 -0.0802014 -0.0812402 -0.0518978 0.0789482 -4.24416e-06
29.8423 0 0.078579 0 -0.0802763 -0.0813127 -0.0506224 0.0790471 -4.22413e-06
29.8423 0 0.07958 0 -0.0803369 -0.0813708 -0.0493508 0.0791429 -4.20394e-06
29.8423 0 0.080581 0 -0.0803974 -0.0814289 -0.0480792 0.0792388 -4.18375e-06
29.8423 0 0.081582 0 -0.0804579 -0.081487 -0.0468076 0.0793346 -4.16355e-06
29.8423 0 0.082583 0 -0.0805185 -0.081545 -0.045536 0.0794304 -4.14336e-06
29.8423 0 0.083584 0 -0.080579 -0.0816031 -0.0442644 0.0795262 -4.12317e-06
29.8423 0 0.084585 0 -0.0806395 -0.0816612 -0.0429928 0.079622 -4.10297e-06
29.8423 0 0.085586 0 -0.0807 -0.0817193 -0.0417212 0.0797178 -4.08278e-06
29.8423 0 0.086587 0 -0.0807606 -0.0817773 -0.0404496 0.0798136 -4.06259e-06
29.8423 0 0.087588 0 -0.0808211 -0.0818354 -0.039178 0.0799094 -4.0424e-06
29.8423 0 0.088589 0 -0.0808816 -0.0818935 -0.0379064 0.0800052 -4.0222e-06
29.8423 0 0.08959 0 -0.0809422 -0.0819516 -0.0366348 0.0801011 -4.00201e-06
29.8423 0 0.090591 0 -0.0810027 -0.0820097 -0.0353632 0.0801969 -3.98182e-06
29.8423 0 0.091592 0 -0.0810632 -0.0820677 -0.0340916 0.0802927 -3.96162e-06
29.8423 0 0.092593 0 -0.0811237 -0.0821258 -0.03282 0.0803885 -3.94143e-06
29.8423 0 0.093594 0 -0.0811843 -0.0821839 -0.0315484 0.0804843 -3.92124e-06
29.8423 0 0.094595 0 -0.0812232 -0.0822202 -0.0302824 0.0805756 -3.9013e-06
29.8423 0 0.095596 0 -0.0812582 -0.0822524 -0.0290176 0.0806661 -3.88142e-06
29.8423 0 0.096597 0 -0.0812932 -0.0822846 -0.0277527 0.0807566 -3.86153e-06
29.8423 0 0.097598 0 -0.0813282 -0.0823168 -0.0264878 0.0808472 -3.84165e-06
29.8423 0 0.098599 0 -0.0813632 -0.0823491 -0.0252229 0.0809377 -3.82176e-06
29.8423 0 0.0996 0 -0.0813982 -0.0823813 -0.023958 0.0810282 -3.80188e-06
29.8423 0 0.100601 0 -0.0814332 -0.0824135 -0.0226932 0.0811187 -3.78199e-06
29.8423 0 0.101602 0 -0.0814682 -0.0824457 -0.0214283 0.0812092 -3.76211e-06
29.8423 0 0.102603 0 -0.0815032 -0.082478 -0.0201634 0.0812997 -3.74222e-06
29.8423 0 0.103604 0 -0.0815382 -0.0825102 -0.0188985 0.0813902 -3.72234e-06
29.8423 0 0.104605 0 -0.0815732 -0.0825424 -0.0176336 0.0814807 -3.70245e-06
29.8423 0 0.105606 0 -0.0816082 -0.0825746 -0.0163688 0.0815712 -3.68257e-06
29.8423 0 0.106607 0 -0.0816432 -0.0826069 -0.0151039 0.0816617 -3.66268e-06
29.8423 0 0.107608 0 -0.0816782 -0.0826391 -0.013839 0.0817522 -3.6428e-06
29.8423 0 0.108609 0 -0.0817132 -0.0826713 -0.0125741 0.0818427 -3.62291e-06
29.8423 0 0.10961 0 -0.0817424 -0.0826974 -0.0113107 0.0819319 -3.60322e-06
29.8423 0 0.110611 0 -0.0817529 -0.0827034 -0.0100521 0.0820168 -3.58417e-06
29.8423 0 0.111612 0 -0.0817633 -0.0827095 -0.00879349 0.0821017 -3.56512e-06
29.8423 0 0.112613 0 -0.0817737 -0.0827156 -0.00753488 0.0821866 -3.54607e-06
29.8423 0 0.113614 0 -0.0817842 -0.0827216 -0.00627627 0.0822715 -3.52701e-06
29.8423 0 0.114615 0 -0.0817946 -0.0827277 -0.00501765 0.0823564 -3.50796e-06
29.8423 0 0.115616 0 -0.0818051 -0.0827337 -0.00375904 0.0824412 -3.48891e-06
29.8423 0 0.116617 0 -0.0818155 -0.0827398 -0.00250043 0.0825261 -3.46986e-06
29.8423 0 0.117618 0 -0.0818259 -0.0827459 -0.00124181 0.082611 -3.4508e-06
29.8423 0 0.118619 0 -0.0818364 -0.0827519 1.68012e-05 0.0826959 -3.43175e-06
29.8423 0 0.11962 0 -0.0818468 -0.082758 0.00127541 0.0827808 -3.4127e-06
29.8423 0 0.120621 0 -0.0818572 -0.082764 0.00253403 0.0828657 -3.39365e-06
29.8423 0 0.121622 0 -0.0818677 -0.0827701 0.00379264 0.0829506 -3.37459e-06
29.8423 0 0.122623 0 -0.0818781 -0.0827761 0.00505126 0.0830355 -3.35554e-06
29.8423 0 0.123624 0 -0.0818886 -0.0827822 0.00630987 0.0831203 -3.33649e-06
29.8423 0 0.124625 0 -0.081899 -0.0827883 0.00756848 0.0832052 -3.31744e-06
29.8423 0 0.125626 0 -0.0818948 -0.0827786 0.00882338 0.0832862 -3.29919e-06
29.8423 0 0.126627 0 -0.0818817 -0.0827596 0.0100761 0.0833647 -3.28141e-06
29.8423 0 0.127628 0 -0.0818687 -0.0827406 0.0113287 0.0834433 -3.26364e-06
29.8423 0 0.128629 0 -0.0818557 -0.0827216 0.0125814 0.0835218 -3.24586e-06
29.8423 0 0.12963 0 -0.0818427 -0.0827026 0.0138341 0.0836003 -3.22809e-06
29.8423 0 0.130631 0 -0.0818296 -0.0826835 0.0150867 0.0836789 -3.21032e-06
29.8423 0 0.131632 0 -0.0818166 -0.0826645 0.0163394 0.0837574 -3.19254e-06
29.8423 0 0.132633 0 -0.0818036 -0.0826455 0.0175921 0.083836 -3.17477e-06
29.8423 0 0.133634 0 -0.0817906 -0.0826265 0.0188448 0.0839145 -3.15699e-06
29.8423 0 0.134635 0 -0.0817776 -0.0826075 0.0200974 0.0839931 -3.13922e-06
29.8423 0 0.135636 0 -0.0817645 -0.0825884 0.0213501 0.0840716 -3.12145e-06
29.8423 0 0.136637 0 -0.0817515 -0.0825694 0.0226028 0.0841502 -3.10367e-06
29.8423 0 0.137638 0 -0.0817385 -0.0825504 0.0238555 0.0842287 -3.0859e-06
29.8423 0 0.138639 0 -0.0817255 -0.0825314 0.0251081 0.0843073 -3.06813e-06
29.8423 0 0.13964 0 -0.0817124 -0.0825124 0.0263608 0.0843858 -3.05035e-06
29.8423 0 0.140641 0 -0.0816991 -0.082493 0.0276134 0.0844643 -3.0326e-06
29.8423 0 0.141642 0 -0.0816636 -0.0824509 0.0288599 0.0845353 -3.01651e-06
29.8423 0 0.142643 0 -0.0816282 -0.0824088 0.0301065 0.0846063 -3.00042e-06
29.8423 0 0.143644 0 -0.0815928 -0.0823667 0.031353 0.0846772 -2.98433e-06
29.8423 0 0.144645 0 -0.0815573 -0.0823246 0.0325996 0.0847482 -2.96824e-06
29.8423 0 0.145646 0 -0.0815219 -0.0822825 0.0338462 0.0848192 -2.95215e-06
29.8423 0 0.146647 0 -0.0814865 -0.0822405 0.0350927 0.0848902 -2.93606e-06
29.8423 0 0.147648 0 -0.0814511 -0.0821984 0.0363393 0.0849612 -2.91996e-06
29.8423 0 0.148649 0 -0.0814156 -0.0821563 0.0375858 0.0850322 -2.90387e-06
29.8423 0 0.14965 0 -0.0813802 -0.0821142 0.0388324 0.0851032 -2.88778e-06
29.8423 0 0.150651 0 -0.0813448 -0.0820721 0.0400789 0.0851742 -2.87169e-06
29.8423 0 0.151652 0 -0.0813094 -0.08203 0.0413255 0.0852452 -2.8556e-06
29.8423 0 0.152653 0 -0.0812739 -0.0819879 0.042572 0.0853162 -2.83951e-06
29.8423 0 0.153654 0 -0.0812385 -0.0819459 0.0438186 0.0853872 -2.82341e-06
29.8423 0 0.154655 0 -0.0812031 -0.0819038 0.0450651 0.0854582 -2.80732e-06
29.8423 0 0.155656 0 -0.0811676 -0.0818617 0.0463117 0.0855292 -2.79123e-06
29.8423 0 0.156657 0 -0.0811236 -0.0818106 0.0475554 0.0855964 -2.77598e-06
29.8423 0 0.157658 0 -0.0810669 -0.0817464 0.048795 0.0856581 -2.76196e-06
29.8423 0 0.158659 0 -0.0810102 -0.0816822 0.0500347 0.0857197 -2.74793e-06
29.8423 0 0.15966 0 -0.0809535 -0.081618 0.0512743 0.0857814 -2.73391e-06
29.8423 0 0.160661 0 -0.0808968 -0.0815538 0.0525139 0.0858431 -2.71988e-06
29.8423 0 0.161662 0 -0.0808401 -0.0814896 0.0537535 0.0859047 -2.70586e-06
29.8423 0 0.162663 0 -0.0807835 -0.0814254 0.0549931 0.0859664 -2.69184e-06
29.8423 0 0.163664 0 -0.0807268 -0.0813612 0.0562328 0.086028 -2.67781e-06
29.8423 0 0.164665 0 -0.0806701 -0.081297 0.0574724 0.0860897 -2.66379e-06
29.8423 0 0.165666 0 -0.0806134 -0.0812328 0.058712 0.0861513 -2.64976e-06
29.8423 0 0.166667 0 -0.0805567 -0.0811686 0.0599516 0.086213 -2.63574e-06
29.8423 0 0.167668 0 -0.0805 -0.0811044 0.0611912 0.0862746 -2.62172e-06
29.8423 0 0.168669 0 -0.0804433 -0.0810402 0.0624309 0.0863363 -2.60769e-06
29.8423 0 0.16967 0 -0.0803866 -0.080976 0.0636705 0.086398 -2.59367e-06
29.8423 0 0.170671 0 -0.08033 -0.0809118 0.0649101 0.0864596 -2.57964e-06
29.8423 0 0.171672 0 -0.0802733 -0.0808475 0.0661497 0.0865213 -2.56562e-06
29.8423 0 0.172673 0 -0.0802007 -0.0807666 0.0673826 0.0865738 -2.55353e-06
29.8423 0 0.173674 0 -0.0801242 -0.0806814 0.0686139 0.0866241 -2.54193e-06
29.8423 0 0.174675 0 -0.0800476 -0.0805962 0.0698451 0.0866744 -2.53033e-06
29.8423 0 0.175676 0 -0.079971 -0.080511 0.0710763 0.0867247 -2.51873e-06
29.8423 0 0.176677 0 -0.0798945 -0.0804258 0.0723075 0.0867749 -2.50713e-06
29.8423 0 0.177678 0 -0.0798179 -0.0803405 0.0735388 0.0868252 -2.49553e-06
29.8423 0 0.178679 0 -0.0797413 -0.0802553 0.07477 0.0868755 -2.48393e-06
29.8423 0 0.17968 0 -0.0796648 -0.0801701 0.0760012 0.0869257 -2.47233e-06
29.8423 0 0.180681 0 -0.0795882 -0.0800849 0.0772324 0.086976 -2.46073e-06
29.8423 0 0.181682 0 -0.0795117 -0.0799997 0.0784636 0.0870263 -2.44913e-06
29.8423 0 0.182683 0 -0.0794351 -0.0799145 0.0796949 0.0870766 -2.43753e-06
29.8423 0 0.183684 0 -0.0793585 -0.0798293 0.0809261 0.0871268 -2.42593e-06
29.8423 0 0.184685 0 -0.079282 -0.0797441 0.0821573 0.0871771 -2.41433e-06
29.8423 0 0.185686 0 -0.0792054 -0.0796588 0.0833885 0.0872274 -2.40273e-06
29.8423 0 0.186687 0 -0.0791288 -0.0795736 0.0846198 0.0872776 -2.39113e-06
29.8423 0 0.187688 0 -0.0790488 -0.0794847 0.085849 0.0873253 -2.38005e-06
29.8423 0 0.188689 0 -0.078954 -0.0793797 0.0870697 0.0873619 -2.3712e-06
29.8423 0 0.18969 0 -0.0788591 -0.0792747 0.0882903 0.0873985 -2.36236e-06
29.8423 0 0.190691 0 -0.0787642 -0.0791697 0.089511 0.087435 -2.35352e-06
29.8423 0 0.191692 0 -0.0786694 -0.0790647 0.0907316 0.0874716 -2.34467e-06
29.8423 0 0.192693 0 -0.0785745 -0.0789596 0.0919523 0.0875082 -2.33583e-06
29.8423 0 0.193694 0 -0.0784796 -0.0788546 0.0931729 0.0875447 -2.32698e-06
29.8423 0 0.194695 0 -0.0783848 -0.0787496 0.0943936 0.0875813 -2.31814e-06
29.8423 0 0.195696 0 -0.0782899 -0.0786446 0.0956143 0.0876179 -2.3093e-06
29.8423 0 0.196697 0 -0.078195 -0.0785396 0.0968349 0.0876544 -2.30045e-06
29.8423 0 0.197698 0 -0.0781002 -0.0784346 0.0980556 0.087691 -2.29161e-06
29.8423 0 0.198699 0 -0.0780053 -0.0783296 0.0992762 0.0877276 -2.28276e-06
29.8423 0 0.1997 0 -0.0779105 -0.0782245 0.100497 0.0877641 -2.27392e-06
29.8423 0 0.200701 0 -0.0778156 -0.0781195 0.101718 0.0878007 -2.26508e-06
29.8423 0 0.201702 0 -0.0777207 -0.0780145 0.102938 0.0878372 -2.25623e-06
29.8423 0 0.202703 0 -0.0776259 -0.0779095 0.104159 0.0878738 -2.24739e-06
29.8423 0 0.203704 0 -0.0775214 -0.0777938 0.105372 0.087901 -2.24031e-06
29.8423 0 0.204705 0 -0.07741 -0.0776704 0.106579 0.0879213 -2.23452e-06
29.8423 0 0.205706 0 -0.0772986 -0.0775469 0.107786 0.0879415 -2.22873e-06
29.8423 0 0.206707 0 -0.0771872 -0.0774235 0.108994 0.0879618 -2.22294e-06
29.8423 0 0.207708 0 -0.0770759 -0.0773 0.110201 0.0879821 -2.21715e-06
29.8423 0 0.208709 0 -0.0769645 -0.0771766 0.111408 0.0880024 -2.21136e-06
29.8423 0 0.20971 0 -0.0768531 -0.0770531 0.112615 0.0880227 -2.20557e-06
29.8423 0 0.210711 0 -0.0767417 -0.0769297 0.113823 0.088043 -2.19978e-06
29.8423 0 0.211712 0 -0.0766303 -0.0768063 0.11503 0.0880633 -2.19399e-06
29.8423 0 0.212713 0 -0.0765189 -0.0766828 0.116237 0.0880836 -2.1882e-06
29.8423 0 0.213714 0 -0.0764075 -0.0765594 0.117445 0.0881038 -2.18241e-06
29.8423 0 0.214715 0 -0.0762961 -0.0764359 0.118652 0.0881241 -2.17662e-06
29.8423 0 0.215716 0 -0.0761847 -0.0763125 0.119859 0.0881444 -2.17083e-06
29.8423 0 0.216717 0 -0.0760733 -0.076189 0.121066 0.0881647 -2.16504e-06
29.8423 0 0.217718 0 -0.0759619 -0.0760656 0.122274 0.088185 -2.15925e-06
29.8423 0 0.218719 0 -0.0758505 -0.0759421 0.123481 0.0882053 -2.15346e-06
29.8423 0 0.21972 0 -0.075725 -0.0758023 0.124672 0.0882071 -2.15087e-06
29.8423 0 0.220721 0 -0.0755991 -0.075662 0.125863 0.0882084 -2.14838e-06
29.8423 0 0.221722 0 -0.0754732 -0.0755217 0.127053 0.0882096 -2.1459e-06
29.8423 0 0.222723 0 -0.0753472 -0.0753814 0.128244 0.0882108 -2.14341e-06
29.8423 0 0.223724 0 -0.0752213 -0.0752411 0.129435 0.0882121 -2.14092e-06
29.8423 0 0.224725 0 -0.0750953 -0.0751008 0.130625 0.0882133 -2.13844e-06
29.8423 0 0.225726 0 -0.0749694 -0.0749605 0.131816 0.0882146 -2.13595e-06
29.8423 0 0.226727 0 -0.0748435 -0.0748202 0.133007 0.0882158 -2.13346e-06
29.8423 0 0.227728 0 -0.0747175 -0.0746799 0.134197 0.0882171 -2.13097e-06
29.8423 0 0.228729 0 -0.0745916 -0.0745396 0.135388 0.0882183 -2.12849e-06
29.8423 0 0.22973 0 -0.0744657 -0.0743992 0.136578 0.0882195 -2.126e-06
29.8423 0 0.230731 0 -0.0743397 -0.0742589 0.137769 0.0882208 -2.12351e-06
29.8423 0 0.231732 0 -0.0742138 -0.0741186 0.13896 0.088222 -2.12103e-06
29.8423 0 0.232733 0 -0.0740878 -0.0739783 0.14015 0.0882233 -2.11854e-06
29.8423 0 0.233734 0 -0.0739619 -0.073838 0.141341 0.0882245 -2.11605e-06
29.8423 0 0.234735 0 -0.0738315 -0.0736923 0.142524 0.0882178 -2.11482e-06
29.8423 0 0.235736 0 -0.0736933 -0.0735369 0.143695 0.0881971 -2.11582e-06
29.8423 0 0.236737 0 -0.073555 -0.0733815 0.144865 0.0881763 -2.11681e-06
29.8423 0 0.237738 0 -0.0734167 -0.0732261 0.146036 0.0881556 -2.11781e-06
29.8423 0 0.238739 0 -0.0732784 -0.0730707 0.147206 0.0881348 -2.11881e-06
29.8423 0 0.23974 0 -0.0731402 -0.0729154 0.148377 0.088114 -2.1198e-06
29.8423 0 0.240741 0 -0.0730019 -0.07276 0.149547 0.0880933 -2.1208e-06
29.8423 0 0.241742 0 -0.0728636 -0.0726046 0.150718 0.0880725 -2.1218e-06
29.8423 0 0.242743 0 -0.0727254 -0.0724492 0.151888 0.0880518 -2.12279e-06
29.8423 0 0.243744 0 -0.0725871 -0.0722938 0.153059 0.088031 -2.12379e-06
29.8423 0 0.244745 0 -0.0724488 -0.0721384 0.154229 0.0880102 -2.12479e-06
29.8423 0 0.245746 0 -0.0723105 -0.0719831 0.1554 0.0879895 -2.12578e-06
29.8423 0 0.246747 0 -0.0721723 -0.0718277 0.15657 0.0879687 -2.12678e-06
29.8423 0 0.247748 0 -0.072034 -0.0716723 0.15774 0.087948 -2.12778e-06
29.8423 0 0.248749 0 -0.0718957 -0.0715169 0.158911 0.0879272 -2.12877e-06
29.8423 0 0.24975 0 -0.0717575 -0.0713615 0.160081 0.0879064 -2.12977e-06
29.8423 0 0.250751 0 -0.0716117 -0.0711963 0.161234 0.0878668 -2.13344e-06
29.8423 0 0.251752 0 -0.0714635 -0.0710279 0.162382 0.0878209 -2.13801e-06
29.8423 0 0.252753 0 -0.0713153 -0.0708594 0.163529 0.0877749 -2.14257e-06
29.8423 0 0.253754 0 -0.0711672 -0.0706909 0.164676 0.087729 -2.14714e-06
29.8423 0 0.254755 0 -0.071019 -0.0705225 0.165823 0.0876831 -2.15171e-06
29.8423 0 0.255756 0 -0.0708708 -0.070354 0.16697 0.0876371 -2.15627e-06
29.8423 0 0.256757 0 -0.0707226 -0.0701855 0.168117 0.0875912 -2.16084e-06
29.8423 0 0.257758 0 -0.0705744 -0.0700171 0.169264 0.0875453 -2.1654e-06
29.8423 0 0.258759 0 -0.0704262 -0.0698486 0.170411 0.0874993 -2.16997e-06
29.8423 0 0.25976 0 -0.070278 -0.0696801 0.171559 0.0874534 -2.17453e-06
29.8423 0 0.260761 0 -0.0701298 -0.0695116 0.172706 0.0874074 -2.1791e-06
29.8423 0 0.261762 0 -0.0699816 -0.0693432 0.173853 0.0873615 -2.18366e-06
29.8423 0 0.262763 0 -0.0698334 -0.0691747 0.175 0.0873156 -2.18823e-06
29.8423 0 0.263764 0 -0.0696852 -0.0690062 0.176147 0.0872696 -2.19279e-06
29.8423 0 0.264765 0 -0.069537 -0.0688378 0.177294 0.0872237 -2.19736e-06
29.8423 0 0.265766 0 -0.0693878 -0.0686678 0.178438 0.0871737 -2.20242e-06
29.8423 0 0.266767 0 -0.0692323 -0.0684883 0.17956 0.0870991 -2.21051e-06
29.8423 0 0.267768 0 -0.0690768 -0.0683089 0.180681 0.0870245 -2.2186e-06
29.8423 0 0.268769 0 -0.0689212 -0.0681295 0.181803 0.0869499 -2.22669e-06
29.8423 0 0.26977 0 -0.0687657 -0.0679501 0.182925 0.0868753 -2.23479e-06
29.8423 0 0.270771 0 -0.0686102 -0.0677707 0.184047 0.0868007 -2.24288e-06
29.8423 0 0.271772 0 -0.0684547 -0.0675913 0.185169 0.0867261 -2.25097e-06
29.8423 0 0.272773 0 -0.0682992 -0.0674119 0.18629 0.0866515 -2.25906e-06
29.8423 0 0.273774 0 -0.0681436 -0.0672325 0.187412 0.0865769 -2.26715e-06
29.8423 0 0.274775 0 -0.0679881 -0.067053 0.188534 0.0865023 -2.27524e-06
29.8423 0 0.275776 0 -0.0678326 -0.0668736 0.189656 0.0864276 -2.28333e-06
29.8423 0 0.276777 0 -0.0676771 -0.0666942 0.190778 0.086353 -2.29142e-06
29.8423 0 0.277778 0 -0.0675216 -0.0665148 0.191899 0.0862784 -2.29952e-06
29.8423 0 0.278779 0 -0.067366 -0.0663354 0.193021 0.0862038 -2.30761e-06
29.8423 0 0.27978 0 -0.0672105 -0.066156 0.194143 0.0861292 -2.3157e-06
29.8423 0 0.280781 0 -0.067055 -0.0659766 0.195265 0.0860546 -2.32379e-06
29.8423 0 0.281782 0 -0.066897 -0.0657925 0.196374 0.0859626 -2.33364e-06
29.8423 0 0.282783 0 -0.0667369 -0.0656044 0.197471 0.0858553 -2.34505e-06
29.8423 0 0.283784 0 -0.0665768 -0.0654162 0.198568 0.085748 -2.35645e-06
29.8423 0 0.284785 0 -0.0664166 -0.0652281 0.199666 0.0856407 -2.36786e-06
29.8423 0 0.285786 0 -0.0662565 -0.06504 0.200763 0.0855334 -2.37927e-06
29.8423 0 0.286787 0 -0.0660964 -0.0648518 0.20186 0.0854261 -2.39067e-06
29.8423 0 0.287788 0 -0.0659362 -0.0646637 0.202958 0.0853188 -2.40208e-06
29.8423 0 0.288789 0 -0.0657761 -0.0644756 0.204055 0.0852115 -2.41348e-06
29.8423 0 0.28979 0 -0.065616 -0.0642874 0.205152 0.0851042 -2.42489e-06
29.8423 0 0.290791 0 -0.0654558 -0.0640993 0.20625 0.0849969 -2.43629e-06
29.8423 0 0.291792 0 -0.0652957 -0.0639112 0.207347 0.0848896 -2.4477e-06
29.8423 0 0.292793 0 -0.0651356 -0.063723 0.208444 0.0847823 -2.45911e-06
29.8423 0 0.293794 0 -0.0649754 -0.0635349 0.209541 0.084675 -2.47051e-06
29.8423 0 0.294795 0 -0.0648153 -0.0633468 0.210639 0.0845677 -2.48192e-06
29.8423 0 0.295796 0 -0.0646552 -0.0631586 0.211736 0.0844604 -2.49332e-06
29.8423 0 0.296797 0 -0.064495 -0.0629705 0.212833 0.0843531 -2.50473e-06
29.8423 0 0.297798 0 -0.0643332 -0.0627763 0.213914 0.0842111 -2.51879e-06
29.8423 0 0.298799 0 -0.0641712 -0.0625816 0.214994 0.0840663 -2.53307e-06
29.8423 0 0.2998 0 -0.0640092 -0.0623869 0.216073 0.0839214 -2.54736e-06
29.8423 0 0.300801 0 -0.0638473 -0.0621923 0.217152 0.0837765 -2.56164e-06
29.8423 0 0.301802 0 -0.0636853 -0.0619976 0.218232 0.0836317 -2.57593e-06
29.8423 0 0.302803 0 -0.0635233 -0.0618029 0.219311 0.0834868 -2.59021e-06
29.8423 0 0.303804 0 -0.0633613 -0.0616082 0.22039 0.0833419 -2.6045e-06
29.8423 0 0.304805 0 -0.0631993 -0.0614135 0.22147 0.0831971 -2.61878e-06
29.8423 0 0.305806 0 -0.0630373 -0.0612189 0.222549 0.0830522 -2.63307e-06
29.8423 0 0.306807 0 -0.0628754 -0.0610242 0.223628 0.0829073 -2.64735e-06
29.8423 0 0.307808 0 -0.0627134 -0.0608295 0.224708 0.0827625 -2.66164e-06
29.8423 0 0.308809 0 -0.0625514 -0.0606348 0.225787 0.0826176 -2.67592e-06
29.8423 0 0.30981 0 -0.0623894 -0.0604401 0.226867 0.0824727 -2.69021e-06
29.8423 0 0.310811 0 -0.0622274 -0.0602455 0.227946 0.0823279 -2.70449e-06
29.8423 0 0.311812 0 -0.0620654 -0.0600508 0.229025 0.082183 -2.71878e-06
29.8423 0 0.312813 0 -0.0619037 -0.0598547 0.230104 0.0820244 -2.73374e-06
29.8423 0 0.313814 0 -0.0617426 -0.0596554 0.231183 0.0818359 -2.75017e-06
29.8423 0 0.314815 0 -0.0615814 -0.0594562 0.232261 0.0816473 -2.76661e-06
29.8423 0 0.315816 0 -0.0614203 -0.059257 0.23334 0.0814587 -2.78304e-06
29.8423 0 0.316817 0 -0.0612591 -0.0590577 0.234418 0.0812701 -2.79947e-06
29.8423 0 0.317818 0 -0.061098 -0.0588585 0.235497 0.0810815 -2.81591e-06
29.8423 0 0.318819 0 -0.0609368 -0.0586593 0.236575 0.080893 -2.83234e-06
29.8423 0 0.31982 0 -0.0607757 -0.05846 0.237653 0.0807044 -2.84878e-06
29.8423 0 0.320821 0 -0.0606145 -0.0582608 0.238732 0.0805158 -2.86521e-06
29.8423 0 0.321822 0 -0.0604534 -0.0580616 0.23981 0.0803272 -2.88165e-06
29.8423 0 0.322823 0 -0.0602922 -0.0578623 0.240889 0.0801386 -2.89808e-06
29.8423 0 0.323824 0 -0.0601311 -0.0576631 0.241967 0.0799501 -2.91452e-06
29.8423 0 0.324825 0 -0.0599699 -0.0574638 0.243046 0.0797615 -2.93095e-06
29.8423 0 0.325826 0 -0.0598088 -0.0572646 0.244124 0.0795729 -2.94738e-06
29.8423 0 0.326827 0 -0.0596476 -0.0570654 0.245202 0.0793843 -2.96382e-06
29.8423 0 0.327828 0 -0.0594864 -0.0568661 0.246281 0.0791957 -2.98025e-06
29.8423 0 0.328829 0 -0.0593276 -0.0566649 0.247384 0.0789709 -2.99742e-06
29.8423 0 0.32983 0 -0.0591697 -0.0564627 0.248496 0.0787307 -3.01489e-06
29.8423 0 0.330831 0 -0.0590119 -0.0562606 0.249609 0.0784905 -3.03236e-06
29.8423 0 0.331832 0 -0.058854 -0.0560585 0.250722 0.0782503 -3.04984e-06
29.8423 0 0.332833 0 -0.0586962 -0.0558563 0.251835 0.0780101 -3.06731e-06
29.8423 0 0.333834 0 -0.0585383 -0.0556542 0.252948 0.0777699 -3.08479e-06
29.8423 0 0.334835 0 -0.0583804 -0.0554521 0.254061 0.0775298 -3.10226e-06
29.8423 0 0.335836 0 -0.0582226 -0.05525 0.255173 0.0772896 -3.11973e-06
29.8423 0 0.336837 0 -0.0580647 -0.0550478 0.256286 0.0770494 -3.13721e-06
29.8423 0 0.337838 0 -0.0579068 -0.0548457 0.257399 0.0768092 -3.15468e-06
29.8423 0 0.338839 0 -0.057749 -0.0546436 0.258512 0.076569 -3.17215e-06
29.8423 0 0.33984 0 -0.0575911 -0.0544414 0.259625 0.0763288 -3.18963e-06
29.8423 0 0.340841 0 -0.0574332 -0.0542393 0.260738 0.0760886 -3.2071e-06
29.8423 0 0.341842 0 -0.0572754 -0.0540372 0.26185 0.0758485 -3.22457e-06
29.8423 0 0.342843 0 -0.0571175 -0.053835 0.262963 0.0756083 -3.24205e-06
29.8423 0 0.343844 0 -0.0569601 -0.0536328 0.264085 0.0753623 -3.25947e-06
29.8423 0 0.344845 0 -0.0568076 -0.053429 0.265298 0.0750607 -3.27641e-06
29.8423 0 0.345846 0 -0.0566551 -0.0532253 0.26651 0.074759 -3.29334e-06
29.8423 0 0.346847 0 -0.0565026 -0.0530216 0.267723 0.0744574 -3.31028e-06
29.8423 0 0.347848 0 -0.05635 -0.0528179 0.268935 0.0741557 -3.32722e-06
29.8423 0 0.348849 0 -0.0561975 -0.0526141 0.270147 0.0738541 -3.34416e-06
29.8423 0 0.34985 0 -0.056045 -0.0524104 0.27136 0.0735524 -3.36109e-06
29.8423 0 0.350851 0 -0.0558925 -0.0522067 0.272572 0.0732508 -3.37803e-06
29.8423 0 0.351852 0 -0.0557399 -0.052003 0.273784 0.0729492 -3.39497e-06
29.8423 0 0.352853 0 -0.0555874 -0.0517992 0.274997 0.0726475 -3.4119e-06
29.8423 0 0.353854 0 -0.0554349 -0.0515955 0.276209 0.0723459 -3.42884e-06
29.8423 0 0.354855 0 -0.0552824 -0.0513918 0.277422 0.0720442 -3.44578e-06
29.8423 0 0.355856 0 -0.0551299 -0.0511881 0.278634 0.0717426 -3.46272e-06
29.8423 0 0.356857 0 -0.0549773 -0.0509843 0.279846 0.0714409 -3.47965e-06
29.8423 0 0.357858 0 -0.0548248 -0.0507806 0.281059 0.0711393 -3.49659e-06
29.8423 0 0.358859 0 -0.0546723 -0.0505769 0.282271 0.0708376 -3.51353e-06
29.8423 0 0.35986 0 -0.0545231 -0.050373 0.283585 0.0705007 -3.52919e-06
29.8423 0 0.360861 0 -0.0543774 -0.0501688 0.285007 0.0701263 -3.54351e-06
29.8423 0 0.361862 0 -0.0542317 -0.0499647 0.286429 0.0697519 -3.55782e-06
29.8423 0 0.362863 0 -0.054086 -0.0497605 0.287851 0.0693774 -3.57213e-06
29.8423 0 0.363864 0 -0.0539403 -0.0495564 0.289274 0.069003 -3.58644e-06
29.8423 0 0.364865 0 -0.0537946 -0.0493522 0.290696 0.0686285 -3.60076e-06
29.8423 0 0.365866 0 -0.0536489 -0.0491481 0.292118 0.0682541 -3.61507e-06
29.8423 0 0.366867 0 -0.0535032 -0.048944 0.29354 0.0678797 -3.62938e-06
29.8423 0 0.367868 0 -0.0533575 -0.0487398 0.294962 0.0675052 -3.6437e-06
29.8423 0 0.368869 0 -0.0532118 -0.0485357 0.296384 0.0671308 -3.65801e-06
29.8423 0 0.36987 0 -0.0530661 -0.0483315 0.297806 0.0667563 -3.67232e-06
29.8423 0 0.370871 0 -0.0529204 -0.0481274 0.299228 0.0663819 -3.68664e-06
29.8423 0 0.371872 0 -0.0527747 -0.0479232 0.30065 0.0660075 -3.70095e-06
29.8423 0 0.372873 0 -0.052629 -0.0477191 0.302072 0.065633 -3.71526e-06
29.8423 0 0.373874 0 -0.0524833 -0.047515 0.303494 0.0652586 -3.72958e-06
29.8423 0 0.374875 0 -0.0523376 -0.0473108 0.304916 0.0648842 -3.74389e-06
29.8423 0 0.375876 0 -0.0521985 -0.0471078 0.306672 0.0644365 -3.75368e-06
29.8423 0 0.376877 0 -0.0520605 -0.046905 0.308476 0.0639784 -3.76282e-06
29.8423 0 0.377878 0 -0.0519224 -0.0467022 0.310279 0.0635204 -3.77196e-06
29.8423 0 0.378879 0 -0.0517843 -0.0464994 0.312083 0.0630623 -3.78111e-06
29.8423 0 0.37988 0 -0.0516463 -0.0462966 0.313887 0.0626042 -3.79025e-06
29.8423 0 0.380881 0 -0.0515082 -0.0460938 0.31569 0.0621461 -3.79939e-06
29.8423 0 0.381882 0 -0.0513701 -0.045891 0.317494 0.061688 -3.80853e-06
29.8423 0 0.382883 0 -0.051232 -0.0456882 0.319297 0.06123 -3.81768e-06
29.8423 0 0.383884 0 -0.051094 -0.0454854 0.321101 0.0607719 -3.82682e-06
29.8423 0 0.384885 0 -0.0509559 -0.0452826 0.322904 0.0603138 -3.83596e-06
29.8423 0 0.385886 0 -0.0508178 -0.0450798 0.324708 0.0598557 -3.84511e-06
29.8423 0 0.386887 0 -0.0506798 -0.044877 0.326511 0.0593976 -3.85425e-06
29.8423 0 0.387888 0 -0.0505417 -0.0446742 0.328315 0.0589396 -3.86339e-06
29.8423 0 0.388889 0 -0.0504036 -0.0444714 0.330118 0.0584815 -3.87253e-06
29.8423 0 0.38989 0 -0.0502656 -0.0442686 0.331922 0.0580234 -3.88168e-06
29.8423 0 0.390891 0 -0.0501296 -0.0440671 0.333892 0.0575415 -3.88871e-06
29.8423 0 0.391892 0 -0.0499993 -0.0438693 0.336322 0.0569937 -3.88989e-06
29.8423 0 0.392893 0 -0.049869 -0.0436715 0.338751 0.0564459 -3.89107e-06
29.8423 0 0.393894 0 -0.0497387 -0.0434737 0.341181 0.0558981 -3.89225e-06
29.8423 0 0.394895 0 -0.0496084 -0.0432759 0.343611 0.0553503 -3.89344e-06
29.8423 0 0.395896 0 -0.0494781 -0.0430781 0.346041 0.0548025 -3.89462e-06
29.8423 0 0.396897 0 -0.0493478 -0.0428803 0.348471 0.0542547 -3.8958e-06
29.8423 0 0.397898 0 -0.0492175 -0.0426825 0.350901 0.0537069 -3.89698e-06
29.8423 0 0.398899 0 -0.0490872 -0.0424847 0.35333 0.0531591 -3.89817e-06
29.8423 0 0.3999 0 -0.0489569 -0.0422869 0.35576 0.0526113 -3.89935e-06
29.8423 0 0.400901 0 -0.0488266 -0.0420891 0.35819 0.0520635 -3.90053e-06
29.8423 0 0.401902 0 -0.0486963 -0.0418913 0.36062 0.0515157 -3.90171e-06
29.8423 0 0.402903 0 -0.048566 -0.0416935 0.36305 0.0509679 -3.9029e-06
29.8423 0 0.403904 0 -0.0484357 -0.0414957 0.365479 0.0504201 -3.90408e-06
29.8423 0 0.404905 0 -0.0483054 -0.0412978 0.367909 0.0498724 -3.90526e-06
29.8423 0 0.405906 0 -0.0481751 -0.0411 0.370339 0.0493246 -3.90644e-06
29.8423 0 0.406907 0 -0.0480496 -0.0409103 0.373385 0.0487218 -3.90066e-06
29.8423 0 0.407908 0 -0.0479268 -0.0407247 0.376753 0.0480902 -3.89124e-06
29.8423 0 0.408909 0 -0.0478039 -0.0405391 0.380121 0.0474586 -3.88181e-06
29.8423 0 0.40991 0 -0.047681 -0.0403535 0.383489 0.046827 -3.87239e-06
29.8423 0 0.410911 0 -0.0475581 -0.0401679 0.386857 0.0461954 -3.86296e-06
29.8423 0 0.411912 0 -0.0474353 -0.0399823 0.390225 0.0455638 -3.85354e-06
29.8423 0 0.412913 0 -0.0473124 -0.0397967 0.393593 0.0449321 -3.84411e-06
29.8423 0 0.413914 0 -0.0471895 -0.0396111 0.396961 0.0443005 -3.83469e-06
29.8423 0 0.414915 0 -0.0470666 -0.0394255 0.400329 0.0436689 -3.82526e-06
29.8423 0 0.415916 0 -0.0469438 -0.03924 0.403697 0.0430373 -3.81584e-06
29.8423 0 0.416917 0 -0.0468209 -0.0390544 0.407065 0.0424057 -3.80641e-06
29.8423 0 0.417918 0 -0.046698 -0.0388688 0.410433 0.0417741 -3.79699e-06
29.8423 0 0.418919 0 -0.0465751 -0.0386832 0.413801 0.0411425 -3.78756e-06
29.8423 0 0.41992 0 -0.0464523 -0.0384976 0.417169 0.0405109 -3.77813e-06
29.8423 0 0.420921 0 -0.0463294 -0.038312 0.420537 0.0398793 -3.76871e-06
29.8423 0 0.421922 0 -0.0462069 -0.0381276 0.423965 0.0392451 -3.75869e-06
29.8423 0 0.422923 0 -0.0460911 -0.0379664 0.428609 0.0385567 -3.7366e-06
29.8423 0 0.423924 0 -0.0459754 -0.0378052 0.433252 0.0378684 -3.71451e-06
29.8423 0 0.424925 0 -0.0458596 -0.037644 0.437896 0.03718 -3.69242e-06
29.8423 0 0.425926 0 -0.0457439 -0.0374828 0.44254 0.0364917 -3.67033e-06
29.8423 0 0.426927 0 -0.0456282 -0.0373216 0.447184 0.0358033 -3.64824e-06
29.8423 0 0.427928 0 -0.0455124 -0.0371604 0.451828 0.0351149 -3.62615e-06
29.8423 0 0.428929 0 -0.0453967 -0.0369993 0.456471 0.0344266 -3.60406e-06
29.8423 0 0.42993 0 -0.045281 -0.0368381 0.461115 0.0337382 -3.58197e-06
29.8423 0 0.430931 0 -0.0451652 -0.0366769 0.465759 0.0330499 -3.55988e-06
29.8423 0 0.431932 0 -0.0450495 -0.0365157 0.470403 0.0323615 -3.53779e-06
29.8423 0 0.432933 0 -0.0449337 -0.0363545 0.475046 0.0316732 -3.5157e-06
29.8423 0 0.433934 0 -0.044818 -0.0361933 0.47969 0.0309848 -3.49361e-06
29.8423 0 0.434935 0 -0.0447023 -0.0360321 0.484334 0.0302965 -3.47152e-06
29.8423 0 0.435936 0 -0.0445865 -0.0358709 0.488978 0.0296081 -3.44943e-06
29.8423 0 0.436937 0 -0.0444708 -0.0357098 0.493622 0.0289198 -3.42735e-06
29.8423 0 0.437938 0 -0.0443585 -0.0355673 0.498941 0.0282308 -3.3992e-06
29.8423 0 0.438939 0 -0.0442506 -0.0354489 0.505128 0.0275411 -3.36328e-06
29.8423 0 0.43994 0 -0.0441428 -0.0353305 0.511315 0.0268513 -3.32735e-06
29.8423 0 0.440941 0 -0.0440349 -0.0352121 0.517502 0.0261616 -3.29142e-06
29.8423 0 0.441942 0 -0.0439271 -0.0350937 0.52369 0.0254718 -3.2555e-06
29.8423 0 0.442943 0 -0.0438192 -0.0349753 0.529877 0.0247821 -3.21957e-06
29.8423 0 0.443944 0 -0.0437113 -0.0348569 0.536064 0.0240923 -3.18365e-06
29.8423 0 0.444945 0 -0.0436035 -0.0347385 0.542251 0.0234026 -3.14772e-06
29.8423 0 0.445946 0 -0.0434956 -0.0346201 0.548438 0.0227129 -3.11179e-06
29.8423 0 0.446947 0 -0.0433878 -0.0345017 0.554625 0.0220231 -3.07587e-06
29.8423 0 0.447948 0 -0.0432799 -0.0343833 0.560813 0.0213334 -3.03994e-06
29.8423 0 0.448949 0 -0.043172 -0.0342649 0.567 0.0206436 -3.00402e-06
29.8423 0 0.44995 0 -0.0430642 -0.0341465 0.573187 0.0199539 -2.96809e-06
29.8423 0 0.450951 0 -0.0429563 -0.0340281 0.579374 0.0192641 -2.93217e-06
29.8423 0 0.451952 0 -0.0428485 -0.0339097 0.585561 0.0185744 -2.89624e-06
29.8423 0 0.452953 0 -0.0427406 -0.0337913 0.591749 0.0178847 -2.86031e-06
29.8423 0 0.453954 0 -0.0426389 -0.0337265 0.599249 0.0172682 -2.81274e-06
29.8423 0 0.454955 0 -0.0425385 -0.0336727 0.607022 0.0166669 -2.76276e-06
29.8423 0 0.455956 0 -0.0424381 -0.0336189 0.614796 0.0160657 -2.71277e-06
29.8423 0 0.456957 0 -0.0423377 -0.0335652 0.622569 0.0154644 -2.66278e-06
29.8423 0 0.457958 0 -0.0422373 -0.0335114 0.630342 0.0148631 -2.6128e-06
29.8423 0 0.458959 0 -0.0421369 -0.0334576 0.638115 0.0142619 -2.56281e-06
29.8423 0 0.45996 0 -0.0420365 -0.0334039 0.645888 0.0136606 -2.51282e-06
29.8423 0 0.460961 0 -0.0419361 -0.0333501 0.653661 0.0130594 -2.46284e-06
29.8423 0 0.461962 0 -0.0418357 -0.0332963 0.661435 0.0124581 -2.41285e-06
29.8423 0 0.462963 0 -0.0417353 -0.0332426 0.669208 0.0118568 -2.36286e-06
29.8423 0 0.463964 0 -0.0416349 -0.0331888 0.676981 0.0112556 -2.31288e-06
29.8423 0 0.464965 0 -0.0415345 -0.0331351 0.684754 0.0106543 -2.26289e-06
29.8423 0 0.465966 0 -0.0414341 -0.0330813 0.692527 0.010053 -2.21291e-06
29.8423 0 0.466967 0 -0.0413337 -0.0330275 0.7003 0.00945179 -2.16292e-06
29.8423 0 0.467968 0 -0.0412333 -0.0329738 0.708074 0.00885052 -2.11293e-06
29.8423 0 0.468969 0 -0.0411338 -0.032933 0.716113 0.00829635 -2.06014e-06
29.8423 0 0.46997 0 -0.0410374 -0.0329385 0.725105 0.0079103 -1.9973e-06
29.8423 0 0.470971 0 -0.0409411 -0.032944 0.734097 0.00752425 -1.93447e-06
29.8423 0 0.471972 0 -0.0408447 -0.0329496 0.743089 0.0071382 -1.87164e-06
29.8423 0 0.472973 0 -0.0407484 -0.0329551 0.752081 0.00675215 -1.8088e-06
29.8423 0 0.473974 0 -0.040652 -0.0329606 0.761073 0.0063661 -1.74597e-06
29.8423 0 0.474975 0 -0.0405556 -0.0329662 0.770065 0.00598005 -1.68314e-06
29.8423 0 0.475976 0 -0.0404593 -0.0329717 0.779056 0.005594 -1.6203e-06
29.8423 0 0.476977 0 -0.0403629 -0.0329772 0.788048 0.00520795 -1.55747e-06
29.8423 0 0.477978 0 -0.0402666 -0.0329828 0.79704 0.00482191 -1.49464e-06
29.8423 0 0.478979 0 -0.0401702 -0.0329883 0.806032 0.00443586 -1.4318e-06
29.8423 0 0.47998 0 -0.0400739 -0.0329938 0.815024 0.00404981 -1.36897e-06
29.8423 0 0.480981 0 -0.0399775 -0.0329994 0.824016 0.00366376 -1.30614e-06
29.8423 0 0.481982 0 -0.0398812 -0.0330049 0.833008 0.00327771 -1.2433e-06
29.8423 0 0.482983 0 -0.0397848 -0.0330104 0.842 0.00289166 -1.18047e-06
29.8423 0 0.483984 0 -0.0396884 -0.0330159 0.850991 0.00250561 -1.11764e-06
29.8423 0 0.484985 0 -0.0396217 -0.0330263 0.860184 0.00226288 -1.07216e-06
29.8423 0 0.485986 0 -0.039574 -0.0330399 0.869505 0.00211203 -1.0378e-06
29.8423 0 0.486987 0 -0.0395263 -0.0330534 0.878826 0.00196117 -1.00345e-06
29.8423 0 0.487988 0 -0.0394786 -0.0330669 0.888147 0.00181031 -9.69092e-07
29.8423 0 0.488989 0 -0.0394308 -0.0330805 0.897468 0.00165945 -9.34736e-07
29.8423 0 0.48999 0 -0.0393831 -0.033094 0.906789 0.00150859 -9.00381e-07
29.8423 0 0.490991 0 -0.0393354 -0.0331075 0.91611 0.00135773 -8.66026e-07
29.8423 0 0.491992 0 -0.0392877 -0.033121 0.925431 0.00120687 -8.31671e-07
29.8423 0 0.492993 0 -0.0392399 -0.0331346 0.934752 0.00105601 -7.97316e-07
29.8423 0 0.493994 0 -0.0391922 -0.0331481 0.944074 0.000905154 -7.6296e-07
29.8423 0 0.494995 0 -0.0391445 -0.0331616 0.953395 0.000754295 -7.28605e-07
29.8423 0 0.495996 0 -0.0390968 -0.0331752 0.962716 0.000603436 -6.9425e-07
29.8423 0 0.496997 0 -0.039049 -0.0331887 0.972037 0.000452577 -6.59895e-07
29.8423 0 0.497998 0 -0.0390013 -0.0332022 0.981358 0.000301718 -6.25539e-07
29.8423 0 0.498999 0 -0.0389536 -0.0332157 0.990679 0.000150859 -5.91184e-07
