# 1:t 2:x 3:y 4:z 5:P 6:Pmac 7:U 8:V 9:DU
18.4531 -0.5 0 0 -0.0076505 -0.014389 0 0 4.2266e-10
18.4531 -0.49 0 0 -0.00790774 -0.0145397 -0.000558572 0.0179127 1.04093e-09
18.4531 -0.48 0 0 -0.00827719 -0.0147123 -0.00138024 0.0349945 2.24322e-09
18.4531 -0.47 0 0 -0.00879091 -0.0149129 -0.00254019 0.051008 4.19637e-09
18.4531 -0.46 0 0 -0.00925948 -0.0149976 -0.00436149 0.0654256 7.37744e-09
18.4531 -0.45 0 0 -0.00969678 -0.0150594 -0.00647712 0.0790746 1.11362e-08
18.4531 -0.44 0 0 -0.0100795 -0.0151074 -0.00903241 0.0915343 1.57799e-08
18.4531 -0.43 0 0 -0.0104306 -0.0151761 -0.011978 0.102776 2.12747e-08
18.4531 -0.42 0 0 -0.0107671 -0.0152574 -0.0151354 0.113328 2.72409e-08
18.4531 -0.41 0 0 -0.0110862 -0.0153634 -0.018647 0.122652 3.40199e-08
18.4531 -0.4 0 0 -0.0113981 -0.0154881 -0.0223868 0.131105 4.133e-08
18.4531 -0.39 0 0 -0.0117055 -0.0156262 -0.0262824 0.138956 4.90008e-08
18.4531 -0.38 0 0 -0.01201 -0.0157951 -0.0304593 0.145609 5.7303e-08
18.4531 -0.37 0 0 -0.0123174 -0.015982 -0.034757 0.151679 6.58447e-08
18.4531 -0.36 0 0 -0.0126276 -0.0161866 -0.0391753 0.157168 7.46261e-08
18.4531 -0.35 0 0 -0.0129503 -0.0164262 -0.0437714 0.161665 8.36661e-08
18.4531 -0.34 0 0 -0.0132811 -0.0166823 -0.0484337 0.165736 9.27501e-08
18.4531 -0.33 0 0 -0.0136241 -0.0169618 -0.0531867 0.169207 1.01879e-07
18.4531 -0.32 0 0 -0.013987 -0.0172714 -0.0580266 0.171971 1.10903e-07
18.4531 -0.31 0 0 -0.0143616 -0.017597 -0.0629053 0.174374 1.19824e-07
18.4531 -0.3 0 0 -0.0147574 -0.0179494 -0.0678401 0.176183 1.28508e-07
18.4531 -0.29 0 0 -0.0151743 -0.0183252 -0.0728081 0.177493 1.36856e-07
18.4531 -0.28 0 0 -0.015605 -0.0187155 -0.0777945 0.178493 1.44971e-07
18.4531 -0.27 0 0 -0.0160638 -0.0191335 -0.0828038 0.178907 1.52525e-07
18.4531 -0.26 0 0 -0.0165409 -0.0195676 -0.087818 0.178971 1.59646e-07
18.4531 -0.25 0 0 -0.0170324 -0.0200143 -0.092836 0.178763 1.6643e-07
18.4531 -0.24 0 0 -0.0175557 -0.0204863 -0.0978482 0.177967 1.72339e-07
18.4531 -0.23 0 0 -0.0180922 -0.0209678 -0.102853 0.176926 1.7783e-07
18.4531 -0.22 0 0 -0.0186457 -0.0214613 -0.107848 0.17557 1.82784e-07
18.4531 -0.21 0 0 -0.0192233 -0.02197 -0.11282 0.17374 1.86857e-07
18.4531 -0.2 0 0 -0.0198118 -0.0224846 -0.117779 0.171676 1.90479e-07
18.4531 -0.19 0 0 -0.0204167 -0.0230078 -0.122714 0.169249 1.93389e-07
18.4531 -0.18 0 0 -0.021036 -0.0235361 -0.12762 0.166429 1.9552e-07
18.4531 -0.17 0 0 -0.0216628 -0.0240663 -0.132507 0.16338 1.972e-07
18.4531 -0.16 0 0 -0.0223007 -0.0245971 -0.137357 0.159906 1.98052e-07
18.4531 -0.15 0 0 -0.022943 -0.0251243 -0.142176 0.156104 1.98296e-07
18.4531 -0.14 0 0 -0.023588 -0.0256484 -0.146972 0.152072 1.98116e-07
18.4531 -0.13 0 0 -0.0242326 -0.02616 -0.151716 0.147541 1.97084e-07
18.4531 -0.12 0 0 -0.0248728 -0.026661 -0.156428 0.142741 1.9564e-07
18.4531 -0.11 0 0 -0.0255085 -0.0271513 -0.161109 0.137672 1.93783e-07
18.4531 -0.1 0 0 -0.026127 -0.0276133 -0.165724 0.13209 1.9125e-07
18.4531 -0.09 0 0 -0.0267336 -0.0280587 -0.170305 0.126264 1.88448e-07
18.4531 -0.08 0 0 -0.0273222 -0.0284794 -0.174837 0.120091 1.85269e-07
18.4531 -0.07 0 0 -0.0278785 -0.0288603 -0.179296 0.113458 1.81714e-07
18.4531 -0.06 0 0 -0.0284143 -0.0292171 -0.183712 0.106577 1.77992e-07
18.4531 -0.05 0 0 -0.0289113 -0.0295295 -0.188051 0.0992665 1.74033e-07
18.4531 -0.04 0 0 -0.029364 -0.0297941 -0.192307 0.0915597 1.69967e-07
18.4531 -0.03 0 0 -0.0297869 -0.0300272 -0.196509 0.0836005 1.65854e-07
18.4531 -0.02 0 0 -0.030142 -0.0301906 -0.200589 0.0751354 1.61751e-07
18.4531 -0.01 0 0 -0.0304461 -0.0303039 -0.204577 0.0663468 1.57753e-07
18.4531 0 0 0 -0.0307105 -0.0303781 -0.208495 0.0573066 1.53835e-07
18.4531 0.01 0 0 -0.0308708 -0.0303545 -0.212222 0.0476993 1.50279e-07
18.4531 0.02 0 0 -0.03098 -0.0302851 -0.215852 0.0378504 1.46953e-07
18.4531 0.03 0 0 -0.0310235 -0.0301567 -0.219358 0.0276907 1.43924e-07
18.4531 0.04 0 0 -0.0309546 -0.0299335 -0.222635 0.0170677 1.41496e-07
18.4531 0.05 0 0 -0.030826 -0.029652 -0.225786 0.00622286 1.39419e-07
18.4531 0.06 0 0 -0.0306014 -0.0292721 -0.228728 -0.00496429 1.37926e-07
18.4531 0.07 0 0 -0.0302646 -0.0287655 -0.231406 -0.016493 1.37161e-07
18.4531 0.08 0 0 -0.0298606 -0.028186 -0.23392 -0.0282104 1.36838e-07
18.4531 0.09 0 0 -0.0293284 -0.0274738 -0.236103 -0.040252 1.37373e-07
18.4531 0.1 0 0 -0.0286945 -0.0266592 -0.237993 -0.0524982 1.38609e-07
18.4531 0.11 0 0 -0.0279891 -0.0257734 -0.239674 -0.0648819 1.40338e-07
18.4531 0.12 0 0 -0.0271296 -0.0247392 -0.240851 -0.0774894 1.43133e-07
18.4531 0.13 0 0 -0.0261888 -0.0236314 -0.241723 -0.0901621 1.46476e-07
18.4531 0.14 0 0 -0.0251669 -0.0224499 -0.24229 -0.1029 1.50368e-07
18.4531 0.15 0 0 -0.0239989 -0.0211465 -0.242212 -0.115639 1.55192e-07
18.4531 0.16 0 0 -0.0227671 -0.019795 -0.241803 -0.12832 1.60388e-07
18.4531 0.17 0 0 -0.0214454 -0.0183768 -0.240914 -0.140907 1.661e-07
18.4531 0.18 0 0 -0.0200206 -0.016896 -0.239336 -0.153226 1.72288e-07
18.4531 0.19 0 0 -0.0185462 -0.0153902 -0.237367 -0.16535 1.78654e-07
18.4531 0.2 0 0 -0.0169942 -0.013853 -0.234704 -0.177074 1.85226e-07
18.4531 0.21 0 0 -0.0153911 -0.0123142 -0.231356 -0.188277 1.91729e-07
18.4531 0.22 0 0 -0.0137599 -0.0107799 -0.227565 -0.199117 1.98134e-07
18.4531 0.23 0 0 -0.0120943 -0.00928109 -0.222854 -0.209076 2.04073e-07
18.4531 0.24 0 0 -0.0104292 -0.00782964 -0.21753 -0.218319 2.09451e-07
18.4531 0.25 0 0 -0.00876442 -0.00641499 -0.21173 -0.227006 2.14392e-07
18.4531 0.26 0 0 -0.00714481 -0.00512608 -0.204829 -0.234148 2.17859e-07
18.4531 0.27 0 0 -0.00556541 -0.00390818 -0.197455 -0.240493 2.20483e-07
18.4531 0.28 0 0 -0.00403771 -0.00278159 -0.189474 -0.245815 2.22022e-07
18.4531 0.29 0 0 -0.00263178 -0.00182207 -0.180602 -0.249317 2.21529e-07
18.4531 0.3 0 0 -0.00130089 -0.000951707 -0.171317 -0.251835 2.19927e-07
18.4531 0.31 0 0 -9.68143e-05 -0.000224984 -0.161404 -0.252764 2.16526e-07
18.4531 0.32 0 0 0.000938472 0.000340868 -0.150922 -0.251816 2.11041e-07
18.4531 0.33 0 0 0.00186908 0.0008143 -0.140145 -0.249749 2.04342e-07
18.4531 0.34 0 0 0.0025899 0.00111961 -0.128914 -0.245544 1.95393e-07
18.4531 0.35 0 0 0.0031348 0.00130815 -0.117488 -0.239661 1.84834e-07
18.4531 0.36 0 0 0.00355583 0.00141684 -0.105943 -0.232605 1.73173e-07
18.4531 0.37 0 0 0.00370211 0.00137891 -0.0943725 -0.223061 1.59461e-07
18.4531 0.38 0 0 0.00370234 0.0012814 -0.0829442 -0.212254 1.4494e-07
18.4531 0.39 0 0 0.00355654 0.00112432 -0.0716582 -0.200184 1.2961e-07
18.4531 0.4 0 0 0.00315025 0.000893173 -0.0609454 -0.185951 1.13444e-07
18.4531 0.41 0 0 0.00263296 0.000643285 -0.0506214 -0.170824 9.7201e-08
18.4531 0.42 0 0 0.00195961 0.000370401 -0.0408815 -0.154449 8.0923e-08
18.4531 0.43 0 0 0.00111248 0.000105785 -0.0321476 -0.136761 6.53291e-08
18.4531 0.44 0 0 0.000175448 -0.000146673 -0.0240285 -0.118476 5.03451e-08
18.4531 0.45 0 0 -0.000911 -0.000368386 -0.0170569 -0.0993096 3.67178e-08
18.4531 0.46 0 0 -0.0021521 -0.000619491 -0.0113584 -0.0796619 2.51088e-08
18.4531 0.47 0 0 -0.00347523 -0.000917818 -0.00650187 -0.0597701 1.49146e-08
18.4531 0.48 0 0 -0.00488051 -0.00145318 -0.00348713 -0.0397011 8.20185e-09
18.4531 0.49 0 0 -0.0058822 -0.00189557 -0.00138764 -0.0197894 3.99617e-09
