# 1:t 2:x 3:y 4:z 5:P 6:Pmac 7:U 8:V 9:DU
34.7718 0 -0.5 0 0.0320268 0.0313069 0 0 1.61692e-05
34.7718 0 -0.49 0 0.0320103 0.0313997 -0.0336134 0.000166596 2.44755e-05
34.7718 0 -0.48 0 0.0319616 0.0315147 -0.0655203 0.000183501 3.55276e-05
34.7718 0 -0.47 0 0.0318715 0.0316583 -0.0952331 7.94388e-06 5.01099e-05
34.7718 0 -0.46 0 0.0316546 0.031697 -0.122739 -0.000616287 6.14218e-05
34.7718 0 -0.45 0 0.0313499 0.0316073 -0.149533 -0.00142335 7.1321e-05
34.7718 0 -0.44 0 0.0308917 0.0312678 -0.175454 -0.00249163 7.91402e-05
34.7718 0 -0.43 0 0.0301925 0.0305303 -0.20101 -0.00360634 8.50376e-05
34.7718 0 -0.42 0 0.0293339 0.0295605 -0.226336 -0.00469359 8.97924e-05
34.7718 0 -0.41 0 0.028133 0.0281586 -0.251195 -0.00559479 9.23717e-05
34.7718 0 -0.4 0 0.0266122 0.0263794 -0.275139 -0.00624579 9.30291e-05
34.7718 0 -0.39 0 0.0248636 0.0243335 -0.298357 -0.00671748 9.23265e-05
34.7718 0 -0.38 0 0.0225782 0.0216857 -0.318939 -0.00675109 8.85231e-05
34.7718 0 -0.37 0 0.0200037 0.0187798 -0.337423 -0.00656022 8.31854e-05
34.7718 0 -0.36 0 0.01714 0.0156159 -0.353808 -0.00614486 7.63135e-05
34.7718 0 -0.35 0 0.0137836 0.0120468 -0.365264 -0.00539008 6.72851e-05
34.7718 0 -0.34 0 0.0102382 0.00830719 -0.374233 -0.00452288 5.76835e-05
34.7718 0 -0.33 0 0.00643252 0.0043284 -0.379607 -0.00350603 4.73664e-05
34.7718 0 -0.32 0 0.00241404 0.000197177 -0.380437 -0.00240619 3.71576e-05
34.7718 0 -0.31 0 -0.00167742 -0.00397175 -0.379011 -0.00129391 2.72779e-05
34.7718 0 -0.3 0 -0.00584051 -0.00814828 -0.373962 -0.000201762 1.83104e-05
34.7718 0 -0.29 0 -0.00996796 -0.0122378 -0.36639 0.000810005 1.06245e-05
34.7718 0 -0.28 0 -0.0140591 -0.0162614 -0.357374 0.00176551 3.77087e-06
34.7718 0 -0.27 0 -0.0180095 -0.0200999 -0.346283 0.00258296 -1.33529e-06
34.7718 0 -0.26 0 -0.0218331 -0.0237991 -0.334527 0.00331579 -5.48536e-06
34.7718 0 -0.25 0 -0.0255583 -0.02739 -0.322254 0.00398279 -8.8918e-06
34.7718 0 -0.24 0 -0.0290332 -0.0307315 -0.309717 0.00454107 -1.11369e-05
34.7718 0 -0.23 0 -0.0323995 -0.0339711 -0.297322 0.00507686 -1.31246e-05
34.7718 0 -0.22 0 -0.0356262 -0.0370796 -0.285109 0.00558372 -1.47814e-05
34.7718 0 -0.21 0 -0.0386507 -0.0400034 -0.273423 0.00609433 -1.63209e-05
34.7718 0 -0.2 0 -0.0415809 -0.0428406 -0.262017 0.00662014 -1.78842e-05
34.7718 0 -0.19 0 -0.0443674 -0.0455454 -0.251059 0.00717825 -1.9537e-05
34.7718 0 -0.18 0 -0.0470123 -0.0481143 -0.240524 0.00779112 -2.13452e-05
34.7718 0 -0.17 0 -0.0495774 -0.0506112 -0.230208 0.00843776 -2.32322e-05
34.7718 0 -0.16 0 -0.0520013 -0.052992 -0.22023 0.00915159 -2.52358e-05
34.7718 0 -0.15 0 -0.0543231 -0.0552863 -0.210415 0.00991514 -2.72424e-05
34.7718 0 -0.14 0 -0.0565737 -0.0575185 -0.200706 0.0107129 -2.9241e-05
34.7718 0 -0.13 0 -0.0586767 -0.0595966 -0.19112 0.0115765 -3.10929e-05
34.7718 0 -0.12 0 -0.060702 -0.0615948 -0.181555 0.0124693 -3.27927e-05
34.7718 0 -0.11 0 -0.0626495 -0.0635132 -0.17201 0.0133911 -3.43404e-05
34.7718 0 -0.1 0 -0.0644506 -0.0652822 -0.162446 0.0143557 -3.54971e-05
34.7718 0 -0.09 0 -0.0661827 -0.0669812 -0.152862 0.0153361 -3.64442e-05
34.7718 0 -0.08 0 -0.0678159 -0.0685801 -0.143245 0.0163382 -3.70852e-05
34.7718 0 -0.07 0 -0.0693189 -0.0700475 -0.133576 0.0173614 -3.72991e-05
34.7718 0 -0.06 0 -0.070751 -0.0714437 -0.123876 0.0183943 -3.72816e-05
34.7718 0 -0.05 0 -0.072061 -0.0727172 -0.114124 0.0194418 -3.68658e-05
34.7718 0 -0.04 0 -0.0732575 -0.073877 -0.104325 0.0204991 -3.60972e-05
34.7718 0 -0.03 0 -0.0743816 -0.0749643 -0.0944962 0.0215623 -3.51087e-05
34.7718 0 -0.02 0 -0.0753599 -0.0759057 -0.0846099 0.0226347 -3.37026e-05
34.7718 0 -0.01 0 -0.0762436 -0.0767535 -0.0746879 0.0237114 -3.20563e-05
34.7718 0 0 0 -0.0770539 -0.0775287 -0.0647381 0.0247913 -3.02233e-05
34.7718 0 0.01 0 -0.077695 -0.078145 -0.0547247 0.025876 -2.80237e-05
34.7718 0 0.02 0 -0.078262 -0.0786914 -0.0446825 0.0269613 -2.56932e-05
34.7718 0 0.03 0 -0.0787336 -0.0791479 -0.0346031 0.0280472 -2.31943e-05
34.7718 0 0.04 0 -0.0790569 -0.0794569 -0.0244627 0.0291314 -2.04996e-05
34.7718 0 0.05 0 -0.0793065 -0.0796913 -0.0142907 0.0302131 -1.77326e-05
34.7718 0 0.06 0 -0.0794402 -0.0798079 -0.00406806 0.03129 -1.48683e-05
34.7718 0 0.07 0 -0.0794487 -0.0797969 0.00621514 0.0323587 -1.19613e-05
34.7718 0 0.08 0 -0.0793844 -0.0797117 0.0165354 0.0334218 -9.04584e-06
34.7718 0 0.09 0 -0.0791852 -0.0794888 0.0269286 0.0344723 -6.15476e-06
34.7718 0 0.1 0 -0.0788832 -0.0791612 0.0373841 0.035509 -3.33693e-06
34.7718 0 0.11 0 -0.0785094 -0.0787606 0.047884 0.0365357 -5.75627e-07
34.7718 0 0.12 0 -0.0779837 -0.0782074 0.058489 0.0375369 1.99685e-06
34.7718 0 0.13 0 -0.0773787 -0.0775753 0.0691576 0.0385213 4.42939e-06
34.7718 0 0.14 0 -0.0766941 -0.0768641 0.0798899 0.039489 6.72201e-06
34.7718 0 0.15 0 -0.0758638 -0.0760074 0.0907594 0.0404195 8.68692e-06
34.7718 0 0.16 0 -0.0749669 -0.0750827 0.101701 0.04133 1.04767e-05
34.7718 0 0.17 0 -0.0739752 -0.0740611 0.112749 0.0422113 1.20111e-05
34.7718 0 0.18 0 -0.0728639 -0.0729151 0.123954 0.0430493 1.31749e-05
34.7718 0 0.19 0 -0.0716893 -0.0717028 0.13525 0.0438622 1.41305e-05
34.7718 0 0.2 0 -0.0704079 -0.0703781 0.146712 0.0446299 1.47179e-05
34.7718 0 0.21 0 -0.0690327 -0.0689529 0.158343 0.0453508 1.49518e-05
34.7718 0 0.22 0 -0.0675984 -0.0674642 0.170084 0.0460411 1.49586e-05
34.7718 0 0.23 0 -0.0660503 -0.0658514 0.182056 0.0466644 1.4502e-05
34.7718 0 0.24 0 -0.0644336 -0.0641618 0.194181 0.0472388 1.37411e-05
34.7718 0 0.25 0 -0.0627634 -0.0624124 0.206424 0.0477752 1.27436e-05
34.7718 0 0.26 0 -0.0609811 -0.0605319 0.218921 0.0482114 1.11936e-05
34.7718 0 0.27 0 -0.0591552 -0.058597 0.231506 0.048596 9.3953e-06
34.7718 0 0.28 0 -0.0572733 -0.056592 0.244207 0.0489145 7.27771e-06
34.7718 0 0.29 0 -0.0553187 -0.0544866 0.257003 0.0491103 4.64713e-06
34.7718 0 0.3 0 -0.0533345 -0.0523354 0.269802 0.0492361 1.75477e-06
34.7718 0 0.31 0 -0.051308 -0.0501151 0.282577 0.0492461 -1.55232e-06
34.7718 0 0.32 0 -0.0492558 -0.0478343 0.29517 0.0491048 -5.31482e-06
34.7718 0 0.33 0 -0.0471951 -0.0455232 0.30761 0.0488681 -9.33791e-06
34.7718 0 0.34 0 -0.0451342 -0.0431688 0.319642 0.0484362 -1.38325e-05
34.7718 0 0.35 0 -0.0430986 -0.0408031 0.331171 0.0478283 -1.86381e-05
34.7718 0 0.36 0 -0.0410836 -0.0384321 0.342328 0.0470943 -2.36508e-05
34.7718 0 0.37 0 -0.0391497 -0.0360844 0.352442 0.0460533 -2.89695e-05
34.7718 0 0.38 0 -0.0372838 -0.0337715 0.361908 0.0448199 -3.4295e-05
34.7718 0 0.39 0 -0.0354857 -0.0314934 0.370723 0.043394 -3.96274e-05
34.7718 0 0.4 0 -0.0338595 -0.0293124 0.378612 0.041515 -4.44644e-05
34.7718 0 0.41 0 -0.0323272 -0.0271771 0.386744 0.0393534 -4.874e-05
34.7718 0 0.42 0 -0.0309323 -0.0251071 0.395382 0.0367711 -5.2135e-05
34.7718 0 0.43 0 -0.0297318 -0.0230894 0.409015 0.0333536 -5.34038e-05
34.7718 0 0.44 0 -0.0286298 -0.0210987 0.42823 0.0294044 -5.32442e-05
34.7718 0 0.45 0 -0.0276888 -0.0191529 0.460733 0.0244383 -5.02716e-05
34.7718 0 0.46 0 -0.0268925 -0.017418 0.517694 0.0185181 -4.44982e-05
34.7718 0 0.47 0 -0.0261696 -0.0159214 0.592001 0.0122477 -3.70145e-05
34.7718 0 0.48 0 -0.0254999 -0.015422 0.709908 0.00656168 -2.64708e-05
34.7718 0 0.49 0 -0.0250023 -0.0153092 0.847355 0.00260739 -1.84619e-05
