# 1:t 2:x 3:y 4:z 5:P 6:Pmac 7:U 8:V 9:DU
2.44953 0 -0.5 0 -0.0440884 -0.0477135 0 0 3.71735e-08
2.44953 0 -0.49 0 -0.0440873 -0.0477279 -0.00681733 1.92855e-06 6.06049e-08
2.44953 0 -0.48 0 -0.0440862 -0.0477423 -0.0134338 4.02106e-06 9.37093e-08
2.44953 0 -0.47 0 -0.044085 -0.0477567 -0.0197921 6.32438e-06 1.3925e-07
2.44953 0 -0.46 0 -0.0440871 -0.0477464 -0.0257973 9.05864e-06 1.82407e-07
2.44953 0 -0.45 0 -0.0440918 -0.0477257 -0.0316437 1.19785e-05 2.24337e-07
2.44953 0 -0.44 0 -0.0441013 -0.0476897 -0.037252 1.51711e-05 2.64317e-07
2.44953 0 -0.43 0 -0.0441179 -0.0476447 -0.0426396 1.85864e-05 3.0213e-07
2.44953 0 -0.42 0 -0.0441391 -0.047596 -0.0479071 2.214e-05 3.38669e-07
2.44953 0 -0.41 0 -0.0441697 -0.0475442 -0.052973 2.5972e-05 3.72809e-07
2.44953 0 -0.4 0 -0.0442089 -0.0474931 -0.0579085 3.01746e-05 4.05036e-07
2.44953 0 -0.39 0 -0.0442544 -0.0474428 -0.0627549 3.46652e-05 4.35918e-07
2.44953 0 -0.38 0 -0.0443154 -0.0473969 -0.0674379 4.0141e-05 4.63814e-07
2.44953 0 -0.37 0 -0.0443861 -0.0473547 -0.0720485 4.64668e-05 4.9006e-07
2.44953 0 -0.36 0 -0.0444666 -0.0473162 -0.0765869 5.36428e-05 5.14656e-07
2.44953 0 -0.35 0 -0.0445685 -0.0472872 -0.0810139 6.31854e-05 5.36062e-07
2.44953 0 -0.34 0 -0.0446818 -0.0472639 -0.0853971 7.42031e-05 5.55947e-07
2.44953 0 -0.33 0 -0.0448117 -0.0472489 -0.0897199 8.74165e-05 5.7365e-07
2.44953 0 -0.32 0 -0.0449665 -0.0472475 -0.0939794 0.000104416 5.8846e-07
2.44953 0 -0.31 0 -0.0451357 -0.0472544 -0.0982087 0.000123778 6.01698e-07
2.44953 0 -0.3 0 -0.0453311 -0.0472768 -0.102391 0.00014761 6.12227e-07
2.44953 0 -0.29 0 -0.0455537 -0.0473163 -0.106539 0.000176535 6.20249e-07
2.44953 0 -0.28 0 -0.0457943 -0.0473672 -0.110667 0.000208899 6.26675e-07
2.44953 0 -0.27 0 -0.0460741 -0.0474438 -0.114759 0.000249135 6.29902e-07
2.44953 0 -0.26 0 -0.046382 -0.0475397 -0.118832 0.000295403 6.3108e-07
2.44953 0 -0.25 0 -0.046712 -0.0476505 -0.12289 0.000346361 6.30665e-07
2.44953 0 -0.24 0 -0.047098 -0.047801 -0.126917 0.000409887 6.26644e-07
2.44953 0 -0.23 0 -0.0475112 -0.0479712 -0.130931 0.000479767 6.21072e-07
2.44953 0 -0.22 0 -0.0479595 -0.0481669 -0.134928 0.000557815 6.13508e-07
2.44953 0 -0.21 0 -0.0484681 -0.0484075 -0.138896 0.000650358 6.0292e-07
2.44953 0 -0.2 0 -0.049009 -0.0486725 -0.142847 0.000750807 5.90855e-07
2.44953 0 -0.19 0 -0.0496021 -0.0489772 -0.146771 0.000864094 5.76491e-07
2.44953 0 -0.18 0 -0.0502576 -0.0493303 -0.150658 0.000992993 5.59723e-07
2.44953 0 -0.17 0 -0.0509509 -0.0497129 -0.154521 0.0011314 5.41581e-07
2.44953 0 -0.16 0 -0.0517179 -0.0501536 -0.158334 0.00128847 5.20965e-07
2.44953 0 -0.15 0 -0.0525465 -0.0506435 -0.162097 0.0014612 4.98559e-07
2.44953 0 -0.14 0 -0.0534187 -0.0511683 -0.165825 0.00164502 4.74913e-07
2.44953 0 -0.13 0 -0.0543905 -0.0517738 -0.169459 0.00185421 4.48777e-07
2.44953 0 -0.12 0 -0.0554193 -0.052426 -0.173031 0.00207788 4.21424e-07
2.44953 0 -0.11 0 -0.0565051 -0.0531249 -0.176541 0.002316 3.92856e-07
2.44953 0 -0.1 0 -0.0577048 -0.053918 -0.179906 0.00258278 3.62238e-07
2.44953 0 -0.09 0 -0.0589604 -0.0547575 -0.183191 0.00286343 3.30762e-07
2.44953 0 -0.08 0 -0.0602964 -0.0556642 -0.186358 0.00316402 2.98083e-07
2.44953 0 -0.07 0 -0.0617423 -0.0566629 -0.18934 0.00349132 2.64066e-07
2.44953 0 -0.06 0 -0.0632486 -0.0577126 -0.192211 0.00383311 2.29402e-07
2.44953 0 -0.05 0 -0.0648604 -0.0588514 -0.194879 0.00419991 1.93722e-07
2.44953 0 -0.04 0 -0.066572 -0.0600748 -0.197325 0.00458958 1.57319e-07
2.44953 0 -0.03 0 -0.0683474 -0.0613524 -0.199624 0.0049937 1.20495e-07
2.44953 0 -0.02 0 -0.0702521 -0.0627403 -0.201592 0.00542624 8.30245e-08
2.44953 0 -0.01 0 -0.0722406 -0.0642 -0.203312 0.00587617 4.53181e-08
2.44953 0 0 0 -0.0742941 -0.0657156 -0.20484 0.00633962 7.42835e-09
2.44953 0 0.01 0 -0.0764949 -0.0673603 -0.205861 0.00683148 -3.05555e-08
2.44953 0 0.02 0 -0.0787585 -0.0690495 -0.206626 0.00733422 -6.84371e-08
2.44953 0 0.03 0 -0.0811025 -0.0707959 -0.207063 0.00785097 -1.06187e-07
2.44953 0 0.04 0 -0.0835655 -0.072625 -0.206918 0.00838549 -1.43447e-07
2.44953 0 0.05 0 -0.0860846 -0.0744993 -0.206455 0.00892705 -1.80359e-07
2.44953 0 0.06 0 -0.0886895 -0.0764472 -0.205475 0.00947856 -2.16662e-07
2.44953 0 0.07 0 -0.0913768 -0.0784615 -0.203858 0.0100355 -2.52061e-07
2.44953 0 0.08 0 -0.0941087 -0.0805105 -0.20185 0.0105942 -2.86873e-07
2.44953 0 0.09 0 -0.0969142 -0.0826142 -0.19907 0.0111518 -3.2045e-07
2.44953 0 0.1 0 -0.0997615 -0.0847446 -0.195627 0.0117027 -3.52889e-07
2.44953 0 0.11 0 -0.102636 -0.0868917 -0.191713 0.0122481 -3.84513e-07
2.44953 0 0.12 0 -0.105547 -0.089051 -0.186696 0.0127729 -4.14159e-07
2.44953 0 0.13 0 -0.10846 -0.0911997 -0.18103 0.0132806 -4.42611e-07
2.44953 0 0.14 0 -0.111376 -0.0933379 -0.174715 0.0137713 -4.69871e-07
2.44953 0 0.15 0 -0.114261 -0.0954198 -0.167064 0.0142176 -4.94656e-07
2.44953 0 0.16 0 -0.117116 -0.0974593 -0.15874 0.0146379 -5.18197e-07
2.44953 0 0.17 0 -0.119924 -0.0994344 -0.149442 0.01502 -5.39941e-07
2.44953 0 0.18 0 -0.122634 -0.101288 -0.138768 0.0153407 -5.59175e-07
2.44953 0 0.19 0 -0.125281 -0.103063 -0.127319 0.0156249 -5.77013e-07
2.44953 0 0.2 0 -0.127801 -0.104689 -0.114495 0.015842 -5.92394e-07
2.44953 0 0.21 0 -0.130172 -0.106144 -0.100315 0.0159882 -6.05414e-07
2.44953 0 0.22 0 -0.132443 -0.107483 -0.0852552 0.016088 -6.16916e-07
2.44953 0 0.23 0 -0.134482 -0.108559 -0.0683487 0.016087 -6.25298e-07
2.44953 0 0.24 0 -0.136347 -0.109441 -0.0501785 0.0160158 -6.31618e-07
2.44953 0 0.25 0 -0.138076 -0.11017 -0.0310257 0.0158899 -6.36334e-07
2.44953 0 0.26 0 -0.139455 -0.110511 -0.00949655 0.0156321 -6.37313e-07
2.44953 0 0.27 0 -0.140665 -0.110682 0.0131253 0.0153152 -6.36638e-07
2.44953 0 0.28 0 -0.141659 -0.110635 0.0371521 0.0149223 -6.33838e-07
2.44953 0 0.29 0 -0.142296 -0.110264 0.0634602 0.0144125 -6.27719e-07
2.44953 0 0.3 0 -0.14275 -0.10973 0.0909384 0.0138465 -6.19947e-07
2.44953 0 0.31 0 -0.142914 -0.108941 0.120274 0.0131933 -6.0958e-07
2.44953 0 0.32 0 -0.142765 -0.107882 0.151691 0.0124546 -5.96412e-07
2.44953 0 0.33 0 -0.142435 -0.106672 0.184331 0.0116697 -5.81624e-07
2.44953 0 0.34 0 -0.14178 -0.105193 0.219269 0.0108077 -5.63856e-07
2.44953 0 0.35 0 -0.140895 -0.103535 0.255988 0.0099022 -5.43849e-07
2.44953 0 0.36 0 -0.139853 -0.101757 0.293953 0.0089683 -5.22281e-07
2.44953 0 0.37 0 -0.138514 -0.0997678 0.334581 0.00799852 -4.97448e-07
2.44953 0 0.38 0 -0.137048 -0.0977031 0.376608 0.00702776 -4.70931e-07
2.44953 0 0.39 0 -0.135457 -0.0955625 0.420032 0.00605603 -4.4273e-07
2.44953 0 0.4 0 -0.133695 -0.0933531 0.465999 0.00512016 -4.11478e-07
2.44953 0 0.41 0 -0.131884 -0.0911391 0.513104 0.00421691 -3.78847e-07
2.44953 0 0.42 0 -0.130008 -0.0889253 0.561822 0.00336408 -3.44254e-07
2.44953 0 0.43 0 -0.128115 -0.0867606 0.612496 0.00261063 -3.07192e-07
2.44953 0 0.44 0 -0.126238 -0.0846343 0.664165 0.00191957 -2.68821e-07
2.44953 0 0.45 0 -0.124421 -0.0825893 0.71747 0.00134687 -2.28231e-07
2.44953 0 0.46 0 -0.122761 -0.0806629 0.772086 0.000896039 -1.85648e-07
2.44953 0 0.47 0 -0.121227 -0.0788305 0.8275 0.000521377 -1.41805e-07
2.44953 0 0.48 0 -0.120085 -0.077278 0.884318 0.000292129 -9.5486e-08
2.44953 0 0.49 0 -0.119345 -0.0762221 0.941873 0.000122773 -6.18017e-08
