# 1:t 2:x 3:y 4:z 5:P 6:Pmac 7:U 8:V 9:DU
23.9615 0 -0.5 0 0.0179483 0.017847 0 0 5.1164e-07
23.9615 0 -0.498999 0 0.0179475 0.017848 -0.000926765 -1.43868e-06 5.43065e-07
23.9615 0 -0.497998 0 0.0179468 0.0178491 -0.00185353 -2.87736e-06 5.74489e-07
23.9615 0 -0.496997 0 0.017946 0.0178501 -0.0027803 -4.31604e-06 6.05914e-07
23.9615 0 -0.495996 0 0.0179453 0.0178511 -0.00370706 -5.75472e-06 6.37338e-07
23.9615 0 -0.494995 0 0.0179445 0.0178521 -0.00463383 -7.1934e-06 6.68762e-07
23.9615 0 -0.493994 0 0.0179438 0.0178531 -0.00556059 -8.63208e-06 7.00187e-07
23.9615 0 -0.492993 0 0.017943 0.0178541 -0.00648736 -1.00708e-05 7.31611e-07
23.9615 0 -0.491992 0 0.0179423 0.0178552 -0.00741412 -1.15094e-05 7.63036e-07
23.9615 0 -0.490991 0 0.0179415 0.0178562 -0.00834089 -1.29481e-05 7.9446e-07
23.9615 0 -0.48999 0 0.0179408 0.0178572 -0.00926765 -1.43868e-05 8.25885e-07
23.9615 0 -0.488989 0 0.01794 0.0178582 -0.0101944 -1.58255e-05 8.57309e-07
23.9615 0 -0.487988 0 0.0179393 0.0178592 -0.0111212 -1.72642e-05 8.88733e-07
23.9615 0 -0.486987 0 0.0179385 0.0178603 -0.0120479 -1.87028e-05 9.20158e-07
23.9615 0 -0.485986 0 0.0179378 0.0178613 -0.0129747 -2.01415e-05 9.51582e-07
23.9615 0 -0.484985 0 0.017937 0.0178623 -0.0139015 -2.15802e-05 9.83007e-07
23.9615 0 -0.483984 0 0.0179359 0.017864 -0.014808 -2.43846e-05 1.02621e-06
23.9615 0 -0.482983 0 0.0179341 0.0178667 -0.0156828 -2.93196e-05 1.08779e-06
23.9615 0 -0.481982 0 0.0179322 0.0178694 -0.0165577 -3.42547e-05 1.14937e-06
23.9615 0 -0.480981 0 0.0179304 0.0178721 -0.0174326 -3.91897e-05 1.21095e-06
23.9615 0 -0.47998 0 0.0179286 0.0178748 -0.0183075 -4.41248e-05 1.27254e-06
23.9615 0 -0.478979 0 0.0179268 0.0178774 -0.0191823 -4.90598e-05 1.33412e-06
23.9615 0 -0.477978 0 0.017925 0.0178801 -0.0200572 -5.39949e-05 1.3957e-06
23.9615 0 -0.476977 0 0.0179232 0.0178828 -0.0209321 -5.89299e-05 1.45728e-06
23.9615 0 -0.475976 0 0.0179214 0.0178855 -0.0218069 -6.3865e-05 1.51886e-06
23.9615 0 -0.474975 0 0.0179196 0.0178882 -0.0226818 -6.88e-05 1.58044e-06
23.9615 0 -0.473974 0 0.0179178 0.0178909 -0.0235567 -7.37351e-05 1.64202e-06
23.9615 0 -0.472973 0 0.017916 0.0178936 -0.0244316 -7.86701e-05 1.70361e-06
23.9615 0 -0.471972 0 0.0179141 0.0178963 -0.0253064 -8.36052e-05 1.76519e-06
23.9615 0 -0.470971 0 0.0179123 0.017899 -0.0261813 -8.85402e-05 1.82677e-06
23.9615 0 -0.46997 0 0.0179105 0.0179017 -0.0270562 -9.34752e-05 1.88835e-06
23.9615 0 -0.468969 0 0.0179087 0.0179044 -0.027931 -9.84103e-05 1.94993e-06
23.9615 0 -0.467968 0 0.0179063 0.0179075 -0.0287759 -0.000107123 2.00955e-06
23.9615 0 -0.466967 0 0.0179037 0.0179108 -0.0296123 -0.000116895 2.06862e-06
23.9615 0 -0.465966 0 0.0179011 0.0179141 -0.0304488 -0.000126666 2.12769e-06
23.9615 0 -0.464965 0 0.0178986 0.0179174 -0.0312852 -0.000136437 2.18676e-06
23.9615 0 -0.463964 0 0.017896 0.0179207 -0.0321216 -0.000146208 2.24584e-06
23.9615 0 -0.462963 0 0.0178934 0.017924 -0.0329581 -0.000155979 2.30491e-06
23.9615 0 -0.461962 0 0.0178908 0.0179273 -0.0337945 -0.000165751 2.36398e-06
23.9615 0 -0.460961 0 0.0178882 0.0179306 -0.0346309 -0.000175522 2.42305e-06
23.9615 0 -0.45996 0 0.0178857 0.0179338 -0.0354674 -0.000185293 2.48212e-06
23.9615 0 -0.458959 0 0.0178831 0.0179371 -0.0363038 -0.000195064 2.54119e-06
23.9615 0 -0.457958 0 0.0178805 0.0179404 -0.0371403 -0.000204835 2.60026e-06
23.9615 0 -0.456957 0 0.0178779 0.0179437 -0.0379767 -0.000214607 2.65933e-06
23.9615 0 -0.455956 0 0.0178753 0.017947 -0.0388131 -0.000224378 2.7184e-06
23.9615 0 -0.454955 0 0.0178727 0.0179503 -0.0396496 -0.000234149 2.77747e-06
23.9615 0 -0.453954 0 0.0178702 0.0179536 -0.040486 -0.00024392 2.83654e-06
23.9615 0 -0.452953 0 0.0178674 0.0179568 -0.0413178 -0.000254499 2.89518e-06
23.9615 0 -0.451952 0 0.0178636 0.0179596 -0.0421271 -0.000268972 2.95173e-06
23.9615 0 -0.450951 0 0.0178598 0.0179625 -0.0429363 -0.000283445 3.00829e-06
23.9615 0 -0.44995 0 0.017856 0.0179653 -0.0437456 -0.000297918 3.06484e-06
23.9615 0 -0.448949 0 0.0178522 0.0179682 -0.0445549 -0.000312391 3.12139e-06
23.9615 0 -0.447948 0 0.0178485 0.017971 -0.0453642 -0.000326864 3.17794e-06
23.9615 0 -0.446947 0 0.0178447 0.0179739 -0.0461734 -0.000341336 3.2345e-06
23.9615 0 -0.445946 0 0.0178409 0.0179767 -0.0469827 -0.000355809 3.29105e-06
23.9615 0 -0.444945 0 0.0178371 0.0179796 -0.047792 -0.000370282 3.3476e-06
23.9615 0 -0.443944 0 0.0178333 0.0179824 -0.0486013 -0.000384755 3.40415e-06
23.9615 0 -0.442943 0 0.0178295 0.0179853 -0.0494105 -0.000399228 3.4607e-06
23.9615 0 -0.441942 0 0.0178257 0.0179881 -0.0502198 -0.000413701 3.51726e-06
23.9615 0 -0.440941 0 0.017822 0.017991 -0.0510291 -0.000428173 3.57381e-06
23.9615 0 -0.43994 0 0.0178182 0.0179938 -0.0518384 -0.000442646 3.63036e-06
23.9615 0 -0.438939 0 0.0178144 0.0179967 -0.0526476 -0.000457119 3.68691e-06
23.9615 0 -0.437938 0 0.0178106 0.0179995 -0.0534569 -0.000471592 3.74347e-06
23.9615 0 -0.436937 0 0.0178058 0.0180017 -0.0542563 -0.000488323 3.79855e-06
23.9615 0 -0.435936 0 0.0178002 0.0180034 -0.0550479 -0.000506811 3.8525e-06
23.9615 0 -0.434935 0 0.0177947 0.018005 -0.0558396 -0.000525298 3.90645e-06
23.9615 0 -0.433934 0 0.0177891 0.0180067 -0.0566312 -0.000543786 3.96039e-06
23.9615 0 -0.432933 0 0.0177835 0.0180083 -0.0574229 -0.000562274 4.01434e-06
23.9615 0 -0.431932 0 0.0177779 0.01801 -0.0582146 -0.000580761 4.06829e-06
23.9615 0 -0.430931 0 0.0177723 0.0180116 -0.0590062 -0.000599249 4.12223e-06
23.9615 0 -0.42993 0 0.0177668 0.0180133 -0.0597979 -0.000617737 4.17618e-06
23.9615 0 -0.428929 0 0.0177612 0.0180149 -0.0605895 -0.000636224 4.23013e-06
23.9615 0 -0.427928 0 0.0177556 0.0180166 -0.0613812 -0.000654712 4.28408e-06
23.9615 0 -0.426927 0 0.01775 0.0180182 -0.0621729 -0.0006732 4.33802e-06
23.9615 0 -0.425926 0 0.0177444 0.0180199 -0.0629645 -0.000691687 4.39197e-06
23.9615 0 -0.424925 0 0.0177389 0.0180216 -0.0637562 -0.000710175 4.44592e-06
23.9615 0 -0.423924 0 0.0177333 0.0180232 -0.0645478 -0.000728663 4.49986e-06
23.9615 0 -0.422923 0 0.0177277 0.0180249 -0.0653395 -0.000747151 4.55381e-06
23.9615 0 -0.421922 0 0.0177221 0.0180265 -0.0661312 -0.000765638 4.60776e-06
23.9615 0 -0.420921 0 0.0177142 0.0180261 -0.0669139 -0.000786764 4.6591e-06
23.9615 0 -0.41992 0 0.0177061 0.0180256 -0.0676962 -0.000808019 4.71031e-06
23.9615 0 -0.418919 0 0.017698 0.0180251 -0.0684786 -0.000829275 4.76153e-06
23.9615 0 -0.417918 0 0.01769 0.0180246 -0.0692609 -0.00085053 4.81274e-06
23.9615 0 -0.416917 0 0.0176819 0.0180241 -0.0700432 -0.000871786 4.86396e-06
23.9615 0 -0.415916 0 0.0176739 0.0180236 -0.0708255 -0.000893041 4.91517e-06
23.9615 0 -0.414915 0 0.0176658 0.0180231 -0.0716079 -0.000914297 4.96638e-06
23.9615 0 -0.413914 0 0.0176577 0.0180226 -0.0723902 -0.000935553 5.0176e-06
23.9615 0 -0.412913 0 0.0176497 0.0180221 -0.0731725 -0.000956808 5.06881e-06
23.9615 0 -0.411912 0 0.0176416 0.0180216 -0.0739548 -0.000978064 5.12002e-06
23.9615 0 -0.410911 0 0.0176336 0.0180211 -0.0747372 -0.000999319 5.17124e-06
23.9615 0 -0.40991 0 0.0176255 0.0180206 -0.0755195 -0.00102057 5.22245e-06
23.9615 0 -0.408909 0 0.0176174 0.0180201 -0.0763018 -0.00104183 5.27367e-06
23.9615 0 -0.407908 0 0.0176094 0.0180196 -0.0770841 -0.00106309 5.32488e-06
23.9615 0 -0.406907 0 0.0176013 0.0180191 -0.0778664 -0.00108434 5.37609e-06
23.9615 0 -0.405906 0 0.0175921 0.0180175 -0.078648 -0.00110592 5.42631e-06
23.9615 0 -0.404905 0 0.0175808 0.0180137 -0.0794279 -0.0011281 5.47461e-06
23.9615 0 -0.403904 0 0.0175694 0.01801 -0.0802079 -0.00115029 5.52291e-06
23.9615 0 -0.402903 0 0.0175581 0.0180062 -0.0809879 -0.00117248 5.57121e-06
23.9615 0 -0.401902 0 0.0175467 0.0180024 -0.0817679 -0.00119466 5.61951e-06
23.9615 0 -0.400901 0 0.0175354 0.0179987 -0.0825479 -0.00121685 5.66782e-06
23.9615 0 -0.3999 0 0.017524 0.0179949 -0.0833279 -0.00123904 5.71612e-06
23.9615 0 -0.398899 0 0.0175126 0.0179912 -0.0841078 -0.00126122 5.76442e-06
23.9615 0 -0.397898 0 0.0175013 0.0179874 -0.0848878 -0.00128341 5.81272e-06
23.9615 0 -0.396897 0 0.0174899 0.0179836 -0.0856678 -0.0013056 5.86103e-06
23.9615 0 -0.395896 0 0.0174786 0.0179799 -0.0864478 -0.00132778 5.90933e-06
23.9615 0 -0.394895 0 0.0174672 0.0179761 -0.0872278 -0.00134997 5.95763e-06
23.9615 0 -0.393894 0 0.0174559 0.0179724 -0.0880078 -0.00137216 6.00593e-06
23.9615 0 -0.392893 0 0.0174445 0.0179686 -0.0887877 -0.00139434 6.05423e-06
23.9615 0 -0.391892 0 0.0174332 0.0179648 -0.0895677 -0.00141653 6.10254e-06
23.9615 0 -0.390891 0 0.0174218 0.0179611 -0.0903477 -0.00143872 6.15084e-06
23.9615 0 -0.38989 0 0.0174073 0.017954 -0.0911301 -0.00145985 6.19682e-06
23.9615 0 -0.388889 0 0.0173917 0.0179457 -0.0919133 -0.0014806 6.24196e-06
23.9615 0 -0.387888 0 0.0173761 0.0179374 -0.0926966 -0.00150134 6.28711e-06
23.9615 0 -0.386887 0 0.0173605 0.0179291 -0.0934799 -0.00152209 6.33225e-06
23.9615 0 -0.385886 0 0.0173449 0.0179208 -0.0942631 -0.00154284 6.3774e-06
23.9615 0 -0.384885 0 0.0173293 0.0179125 -0.0950464 -0.00156359 6.42254e-06
23.9615 0 -0.383884 0 0.0173137 0.0179042 -0.0958296 -0.00158433 6.46768e-06
23.9615 0 -0.382883 0 0.0172981 0.017896 -0.0966129 -0.00160508 6.51283e-06
23.9615 0 -0.381882 0 0.0172825 0.0178877 -0.0973961 -0.00162583 6.55797e-06
23.9615 0 -0.380881 0 0.0172669 0.0178794 -0.0981794 -0.00164658 6.60311e-06
23.9615 0 -0.37988 0 0.0172513 0.0178711 -0.0989626 -0.00166732 6.64826e-06
23.9615 0 -0.378879 0 0.0172357 0.0178628 -0.0997459 -0.00168807 6.6934e-06
23.9615 0 -0.377878 0 0.0172201 0.0178545 -0.100529 -0.00170882 6.73854e-06
23.9615 0 -0.376877 0 0.0172045 0.0178462 -0.101312 -0.00172957 6.78369e-06
23.9615 0 -0.375876 0 0.0171889 0.0178379 -0.102096 -0.00175031 6.82883e-06
23.9615 0 -0.374875 0 0.0171726 0.0178289 -0.10288 -0.00177053 6.87354e-06
23.9615 0 -0.373874 0 0.0171517 0.0178146 -0.10367 -0.00178701 6.91519e-06
23.9615 0 -0.372873 0 0.0171307 0.0178002 -0.104461 -0.00180349 6.95683e-06
23.9615 0 -0.371872 0 0.0171097 0.0177859 -0.105252 -0.00181996 6.99848e-06
23.9615 0 -0.370871 0 0.0170888 0.0177716 -0.106042 -0.00183644 7.04013e-06
23.9615 0 -0.36987 0 0.0170678 0.0177573 -0.106833 -0.00185292 7.08178e-06
23.9615 0 -0.368869 0 0.0170469 0.0177429 -0.107623 -0.0018694 7.12343e-06
23.9615 0 -0.367868 0 0.0170259 0.0177286 -0.108414 -0.00188588 7.16508e-06
23.9615 0 -0.366867 0 0.017005 0.0177143 -0.109205 -0.00190236 7.20672e-06
23.9615 0 -0.365866 0 0.016984 0.0177 -0.109995 -0.00191883 7.24837e-06
23.9615 0 -0.364865 0 0.0169631 0.0176856 -0.110786 -0.00193531 7.29002e-06
23.9615 0 -0.363864 0 0.0169421 0.0176713 -0.111576 -0.00195179 7.33167e-06
23.9615 0 -0.362863 0 0.0169212 0.017657 -0.112367 -0.00196827 7.37332e-06
23.9615 0 -0.361862 0 0.0169002 0.0176427 -0.113158 -0.00198475 7.41497e-06
23.9615 0 -0.360861 0 0.0168793 0.0176284 -0.113948 -0.00200123 7.45661e-06
23.9615 0 -0.35986 0 0.0168583 0.017614 -0.114739 -0.00201771 7.49826e-06
23.9615 0 -0.358859 0 0.016834 0.0175956 -0.115534 -0.00203032 7.53788e-06
23.9615 0 -0.357858 0 0.0168064 0.0175734 -0.116335 -0.0020393 7.57559e-06
23.9615 0 -0.356857 0 0.0167789 0.0175512 -0.117135 -0.00204828 7.6133e-06
23.9615 0 -0.355856 0 0.0167513 0.0175289 -0.117936 -0.00205726 7.65101e-06
23.9615 0 -0.354855 0 0.0167238 0.0175067 -0.118736 -0.00206625 7.68872e-06
23.9615 0 -0.353854 0 0.0166962 0.0174845 -0.119536 -0.00207523 7.72643e-06
23.9615 0 -0.352853 0 0.0166687 0.0174623 -0.120337 -0.00208421 7.76414e-06
23.9615 0 -0.351852 0 0.0166411 0.01744 -0.121137 -0.00209319 7.80185e-06
23.9615 0 -0.350851 0 0.0166136 0.0174178 -0.121937 -0.00210217 7.83956e-06
23.9615 0 -0.34985 0 0.016586 0.0173956 -0.122738 -0.00211115 7.87727e-06
23.9615 0 -0.348849 0 0.0165585 0.0173733 -0.123538 -0.00212014 7.91498e-06
23.9615 0 -0.347848 0 0.0165309 0.0173511 -0.124338 -0.00212912 7.95269e-06
23.9615 0 -0.346847 0 0.0165034 0.0173289 -0.125139 -0.0021381 7.9904e-06
23.9615 0 -0.345846 0 0.0164758 0.0173067 -0.125939 -0.00214708 8.02811e-06
23.9615 0 -0.344845 0 0.0164483 0.0172844 -0.126739 -0.00215606 8.06582e-06
23.9615 0 -0.343844 0 0.0164207 0.0172622 -0.12754 -0.00216504 8.10353e-06
23.9615 0 -0.342843 0 0.016386 0.0172331 -0.128349 -0.00216404 8.13716e-06
23.9615 0 -0.341842 0 0.0163504 0.0172032 -0.12916 -0.00216201 8.17036e-06
23.9615 0 -0.340841 0 0.0163149 0.0171734 -0.129971 -0.00215997 8.20356e-06
23.9615 0 -0.33984 0 0.0162794 0.0171435 -0.130781 -0.00215793 8.23676e-06
23.9615 0 -0.338839 0 0.0162439 0.0171137 -0.131592 -0.0021559 8.26997e-06
23.9615 0 -0.337838 0 0.0162083 0.0170839 -0.132402 -0.00215386 8.30317e-06
23.9615 0 -0.336837 0 0.0161728 0.017054 -0.133213 -0.00215182 8.33637e-06
23.9615 0 -0.335836 0 0.0161373 0.0170242 -0.134023 -0.00214979 8.36958e-06
23.9615 0 -0.334835 0 0.0161017 0.0169943 -0.134834 -0.00214775 8.40278e-06
23.9615 0 -0.333834 0 0.0160662 0.0169645 -0.135645 -0.00214571 8.43598e-06
23.9615 0 -0.332833 0 0.0160307 0.0169346 -0.136455 -0.00214368 8.46919e-06
23.9615 0 -0.331832 0 0.0159952 0.0169048 -0.137266 -0.00214164 8.50239e-06
23.9615 0 -0.330831 0 0.0159596 0.0168749 -0.138076 -0.0021396 8.53559e-06
23.9615 0 -0.32983 0 0.0159241 0.0168451 -0.138887 -0.00213757 8.5688e-06
23.9615 0 -0.328829 0 0.0158886 0.0168153 -0.139697 -0.00213553 8.602e-06
23.9615 0 -0.327828 0 0.0158502 0.0167827 -0.140511 -0.00212913 8.63366e-06
23.9615 0 -0.326827 0 0.0158052 0.0167435 -0.14133 -0.00211239 8.66167e-06
23.9615 0 -0.325826 0 0.0157601 0.0167044 -0.142149 -0.00209565 8.68968e-06
23.9615 0 -0.324825 0 0.0157151 0.0166653 -0.142968 -0.00207891 8.71769e-06
23.9615 0 -0.323824 0 0.01567 0.0166262 -0.143787 -0.00206217 8.7457e-06
23.9615 0 -0.322823 0 0.015625 0.0165871 -0.144607 -0.00204543 8.77371e-06
23.9615 0 -0.321822 0 0.0155799 0.016548 -0.145426 -0.00202869 8.80172e-06
23.9615 0 -0.320821 0 0.0155349 0.0165088 -0.146245 -0.00201194 8.82973e-06
23.9615 0 -0.31982 0 0.0154898 0.0164697 -0.147064 -0.0019952 8.85774e-06
23.9615 0 -0.318819 0 0.0154448 0.0164306 -0.147884 -0.00197846 8.88575e-06
23.9615 0 -0.317818 0 0.0153997 0.0163915 -0.148703 -0.00196172 8.91376e-06
23.9615 0 -0.316817 0 0.0153547 0.0163524 -0.149522 -0.00194498 8.94177e-06
23.9615 0 -0.315816 0 0.0153096 0.0163132 -0.150341 -0.00192824 8.96978e-06
23.9615 0 -0.314815 0 0.0152646 0.0162741 -0.151161 -0.0019115 8.99779e-06
23.9615 0 -0.313814 0 0.0152195 0.016235 -0.15198 -0.00189476 9.0258e-06
23.9615 0 -0.312813 0 0.0151745 0.0161959 -0.152799 -0.00187802 9.05381e-06
23.9615 0 -0.311812 0 0.0151217 0.0161477 -0.153622 -0.00184858 9.07771e-06
23.9615 0 -0.310811 0 0.0150654 0.0160954 -0.154446 -0.00181336 9.09973e-06
23.9615 0 -0.30981 0 0.0150091 0.0160432 -0.15527 -0.00177814 9.12175e-06
23.9615 0 -0.308809 0 0.0149528 0.0159909 -0.156094 -0.00174293 9.14378e-06
23.9615 0 -0.307808 0 0.0148966 0.0159386 -0.156918 -0.00170771 9.1658e-06
23.9615 0 -0.306807 0 0.0148403 0.0158863 -0.157742 -0.0016725 9.18783e-06
23.9615 0 -0.305806 0 0.014784 0.015834 -0.158566 -0.00163728 9.20985e-06
23.9615 0 -0.304805 0 0.0147277 0.0157818 -0.15939 -0.00160206 9.23187e-06
23.9615 0 -0.303804 0 0.0146714 0.0157295 -0.160214 -0.00156685 9.2539e-06
23.9615 0 -0.302803 0 0.0146151 0.0156772 -0.161039 -0.00153163 9.27592e-06
23.9615 0 -0.301802 0 0.0145589 0.0156249 -0.161863 -0.00149642 9.29795e-06
23.9615 0 -0.300801 0 0.0145026 0.0155726 -0.162687 -0.0014612 9.31997e-06
23.9615 0 -0.2998 0 0.0144463 0.0155203 -0.163511 -0.00142599 9.34199e-06
23.9615 0 -0.298799 0 0.01439 0.0154681 -0.164335 -0.00139077 9.36402e-06
23.9615 0 -0.297798 0 0.0143337 0.0154158 -0.165159 -0.00135555 9.38604e-06
23.9615 0 -0.296797 0 0.0142764 0.0153623 -0.165983 -0.00131861 9.40753e-06
23.9615 0 -0.295796 0 0.0142071 0.0152949 -0.166806 -0.0012612 9.42269e-06
23.9615 0 -0.294795 0 0.0141378 0.0152275 -0.167629 -0.0012038 9.43786e-06
23.9615 0 -0.293794 0 0.0140685 0.0151601 -0.168452 -0.00114639 9.45302e-06
23.9615 0 -0.292793 0 0.0139991 0.0150927 -0.169274 -0.00108899 9.46818e-06
23.9615 0 -0.291792 0 0.0139298 0.0150253 -0.170097 -0.00103158 9.48335e-06
23.9615 0 -0.290791 0 0.0138605 0.0149579 -0.17092 -0.000974178 9.49851e-06
23.9615 0 -0.28979 0 0.0137912 0.0148905 -0.171743 -0.000916773 9.51367e-06
23.9615 0 -0.288789 0 0.0137219 0.0148231 -0.172566 -0.000859368 9.52884e-06
23.9615 0 -0.287788 0 0.0136526 0.0147557 -0.173389 -0.000801963 9.544e-06
23.9615 0 -0.286787 0 0.0135832 0.0146883 -0.174212 -0.000744558 9.55916e-06
23.9615 0 -0.285786 0 0.0135139 0.0146209 -0.175034 -0.000687153 9.57433e-06
23.9615 0 -0.284785 0 0.0134446 0.0145535 -0.175857 -0.000629747 9.58949e-06
23.9615 0 -0.283784 0 0.0133753 0.0144861 -0.17668 -0.000572342 9.60465e-06
23.9615 0 -0.282783 0 0.013306 0.0144187 -0.177503 -0.000514937 9.61981e-06
23.9615 0 -0.281782 0 0.0132367 0.0143513 -0.178326 -0.000457532 9.63498e-06
23.9615 0 -0.280781 0 0.0131604 0.0142758 -0.179144 -0.000388093 9.6465e-06
23.9615 0 -0.27978 0 0.0130761 0.014191 -0.179957 -0.000305002 9.6539e-06
23.9615 0 -0.278779 0 0.0129919 0.0141062 -0.180771 -0.000221911 9.6613e-06
23.9615 0 -0.277778 0 0.0129077 0.0140214 -0.181584 -0.00013882 9.6687e-06
23.9615 0 -0.276777 0 0.0128235 0.0139366 -0.182397 -5.5729e-05 9.6761e-06
23.9615 0 -0.275776 0 0.0127393 0.0138519 -0.18321 2.73619e-05 9.6835e-06
23.9615 0 -0.274775 0 0.0126551 0.0137671 -0.184023 0.000110453 9.6909e-06
23.9615 0 -0.273774 0 0.0125709 0.0136823 -0.184836 0.000193544 9.6983e-06
23.9615 0 -0.272773 0 0.0124867 0.0135975 -0.18565 0.000276635 9.7057e-06
23.9615 0 -0.271772 0 0.0124025 0.0135127 -0.186463 0.000359725 9.7131e-06
23.9615 0 -0.270771 0 0.0123183 0.013428 -0.187276 0.000442816 9.7205e-06
23.9615 0 -0.26977 0 0.0122341 0.0133432 -0.188089 0.000525907 9.7279e-06
23.9615 0 -0.268769 0 0.0121499 0.0132584 -0.188902 0.000608998 9.7353e-06
23.9615 0 -0.267768 0 0.0120657 0.0131736 -0.189715 0.000692089 9.7427e-06
23.9615 0 -0.266767 0 0.0119814 0.0130888 -0.190529 0.00077518 9.7501e-06
23.9615 0 -0.265766 0 0.0118972 0.0130041 -0.191342 0.000858271 9.7575e-06
23.9615 0 -0.264765 0 0.0117986 0.0129021 -0.192137 0.000966088 9.75749e-06
23.9615 0 -0.263764 0 0.0116976 0.0127973 -0.19293 0.00107796 9.75626e-06
23.9615 0 -0.262763 0 0.0115967 0.0126925 -0.193723 0.00118983 9.75503e-06
23.9615 0 -0.261762 0 0.0114957 0.0125877 -0.194516 0.0013017 9.75381e-06
23.9615 0 -0.260761 0 0.0113947 0.0124829 -0.195309 0.00141357 9.75258e-06
23.9615 0 -0.25976 0 0.0112937 0.0123782 -0.196102 0.00152544 9.75135e-06
23.9615 0 -0.258759 0 0.0111927 0.0122734 -0.196894 0.00163732 9.75013e-06
23.9615 0 -0.257758 0 0.0110917 0.0121686 -0.197687 0.00174919 9.7489e-06
23.9615 0 -0.256757 0 0.0109908 0.0120638 -0.19848 0.00186106 9.74767e-06
23.9615 0 -0.255756 0 0.0108898 0.011959 -0.199273 0.00197293 9.74644e-06
23.9615 0 -0.254755 0 0.0107888 0.0118542 -0.200066 0.0020848 9.74522e-06
23.9615 0 -0.253754 0 0.0106878 0.0117494 -0.200859 0.00219667 9.74399e-06
23.9615 0 -0.252753 0 0.0105868 0.0116447 -0.201651 0.00230854 9.74276e-06
23.9615 0 -0.251752 0 0.0104859 0.0115399 -0.202444 0.00242041 9.74154e-06
23.9615 0 -0.250751 0 0.0103849 0.0114351 -0.203237 0.00253229 9.74031e-06
23.9615 0 -0.24975 0 0.0102792 0.0113258 -0.204022 0.00265199 9.73674e-06
23.9615 0 -0.248749 0 0.0101596 0.0112028 -0.204781 0.0027952 9.72613e-06
23.9615 0 -0.247748 0 0.01004 0.0110798 -0.205541 0.00293842 9.71552e-06
23.9615 0 -0.246747 0 0.00992038 0.0109569 -0.206301 0.00308163 9.70491e-06
23.9615 0 -0.245746 0 0.00980076 0.0108339 -0.207061 0.00322485 9.6943e-06
23.9615 0 -0.244745 0 0.00968114 0.010711 -0.207821 0.00336807 9.68368e-06
23.9615 0 -0.243744 0 0.00956153 0.010588 -0.20858 0.00351128 9.67307e-06
23.9615 0 -0.242743 0 0.00944191 0.0104651 -0.20934 0.0036545 9.66246e-06
23.9615 0 -0.241742 0 0.00932229 0.0103421 -0.2101 0.00379772 9.65185e-06
23.9615 0 -0.240741 0 0.00920267 0.0102192 -0.21086 0.00394093 9.64124e-06
23.9615 0 -0.23974 0 0.00908305 0.0100962 -0.211619 0.00408415 9.63063e-06
23.9615 0 -0.238739 0 0.00896344 0.00997325 -0.212379 0.00422737 9.62002e-06
23.9615 0 -0.237738 0 0.00884382 0.00985029 -0.213139 0.00437058 9.60941e-06
23.9615 0 -0.236737 0 0.0087242 0.00972734 -0.213899 0.0045138 9.5988e-06
23.9615 0 -0.235736 0 0.00860458 0.00960438 -0.214658 0.00465702 9.58819e-06
23.9615 0 -0.234735 0 0.00848496 0.00948143 -0.215418 0.00480023 9.57758e-06
23.9615 0 -0.233734 0 0.00835236 0.00934587 -0.216148 0.00496476 9.5606e-06
23.9615 0 -0.232733 0 0.00821246 0.00920324 -0.21686 0.00514126 9.54006e-06
23.9615 0 -0.231732 0 0.00807256 0.0090606 -0.217572 0.00531777 9.51951e-06
23.9615 0 -0.230731 0 0.00793266 0.00891797 -0.218285 0.00549427 9.49897e-06
23.9615 0 -0.22973 0 0.00779276 0.00877533 -0.218997 0.00567077 9.47842e-06
23.9615 0 -0.228729 0 0.00765286 0.0086327 -0.219709 0.00584727 9.45788e-06
23.9615 0 -0.227728 0 0.00751296 0.00849007 -0.220422 0.00602377 9.43733e-06
23.9615 0 -0.226727 0 0.00737306 0.00834743 -0.221134 0.00620027 9.41678e-06
23.9615 0 -0.225726 0 0.00723316 0.0082048 -0.221846 0.00637677 9.39624e-06
23.9615 0 -0.224725 0 0.00709327 0.00806217 -0.222559 0.00655327 9.37569e-06
23.9615 0 -0.223724 0 0.00695337 0.00791953 -0.223271 0.00672977 9.35515e-06
23.9615 0 -0.222723 0 0.00681347 0.0077769 -0.223984 0.00690628 9.3346e-06
23.9615 0 -0.221722 0 0.00667357 0.00763426 -0.224696 0.00708278 9.31406e-06
23.9615 0 -0.220721 0 0.00653367 0.00749163 -0.225408 0.00725928 9.29351e-06
23.9615 0 -0.21972 0 0.00639377 0.007349 -0.226121 0.00743578 9.27297e-06
23.9615 0 -0.218719 0 0.0062532 0.0072056 -0.226831 0.00761334 9.2521e-06
23.9615 0 -0.217718 0 0.00609173 0.0070383 -0.227481 0.00782418 9.22135e-06
23.9615 0 -0.216717 0 0.00593025 0.00687099 -0.22813 0.00803502 9.1906e-06
23.9615 0 -0.215716 0 0.00576878 0.00670369 -0.22878 0.00824585 9.15985e-06
23.9615 0 -0.214715 0 0.0056073 0.00653639 -0.229429 0.00845669 9.1291e-06
23.9615 0 -0.213714 0 0.00544582 0.00636908 -0.230078 0.00866753 9.09835e-06
23.9615 0 -0.212713 0 0.00528435 0.00620178 -0.230728 0.00887836 9.0676e-06
23.9615 0 -0.211712 0 0.00512287 0.00603448 -0.231377 0.0090892 9.03685e-06
23.9615 0 -0.210711 0 0.0049614 0.00586717 -0.232027 0.00930003 9.0061e-06
23.9615 0 -0.20971 0 0.00479992 0.00569987 -0.232676 0.00951087 8.97535e-06
23.9615 0 -0.208709 0 0.00463845 0.00553257 -0.233326 0.00972171 8.9446e-06
23.9615 0 -0.207708 0 0.00447697 0.00536526 -0.233975 0.00993254 8.91384e-06
23.9615 0 -0.206707 0 0.0043155 0.00519796 -0.234625 0.0101434 8.88309e-06
23.9615 0 -0.205706 0 0.00415402 0.00503066 -0.235274 0.0103542 8.85234e-06
23.9615 0 -0.204705 0 0.00399254 0.00486335 -0.235924 0.0105651 8.82159e-06
23.9615 0 -0.203704 0 0.00383107 0.00469605 -0.236573 0.0107759 8.79084e-06
23.9615 0 -0.202703 0 0.00366012 0.00451821 -0.237189 0.0110012 8.75582e-06
23.9615 0 -0.201702 0 0.00347616 0.00432592 -0.23776 0.0112465 8.71493e-06
23.9615 0 -0.200701 0 0.0032922 0.00413363 -0.23833 0.0114917 8.67404e-06
23.9615 0 -0.1997 0 0.00310824 0.00394133 -0.238901 0.011737 8.63315e-06
23.9615 0 -0.198699 0 0.00292428 0.00374904 -0.239471 0.0119822 8.59227e-06
23.9615 0 -0.197698 0 0.00274032 0.00355675 -0.240042 0.0122274 8.55138e-06
23.9615 0 -0.196697 0 0.00255636 0.00336445 -0.240612 0.0124727 8.51049e-06
23.9615 0 -0.195696 0 0.0023724 0.00317216 -0.241182 0.0127179 8.4696e-06
23.9615 0 -0.194695 0 0.00218845 0.00297987 -0.241753 0.0129632 8.42872e-06
23.9615 0 -0.193694 0 0.00200449 0.00278757 -0.242323 0.0132084 8.38783e-06
23.9615 0 -0.192693 0 0.00182053 0.00259528 -0.242894 0.0134536 8.34694e-06
23.9615 0 -0.191692 0 0.00163657 0.00240299 -0.243464 0.0136989 8.30605e-06
23.9615 0 -0.190691 0 0.00145261 0.00221069 -0.244035 0.0139441 8.26517e-06
23.9615 0 -0.18969 0 0.00126865 0.0020184 -0.244605 0.0141894 8.22428e-06
23.9615 0 -0.188689 0 0.00108469 0.00182611 -0.245175 0.0144346 8.18339e-06
23.9615 0 -0.187688 0 0.000900736 0.00163381 -0.245746 0.0146798 8.1425e-06
23.9615 0 -0.186687 0 0.000698159 0.00142138 -0.246239 0.0149522 8.09377e-06
23.9615 0 -0.185686 0 0.000491277 0.00120429 -0.246714 0.0152308 8.04323e-06
23.9615 0 -0.184685 0 0.000284395 0.000987204 -0.24719 0.0155094 7.99269e-06
23.9615 0 -0.183684 0 7.75133e-05 0.000770116 -0.247665 0.0157881 7.94214e-06
23.9615 0 -0.182683 0 -0.000129369 0.000553027 -0.24814 0.0160667 7.8916e-06
23.9615 0 -0.181682 0 -0.000336251 0.000335939 -0.248616 0.0163453 7.84106e-06
23.9615 0 -0.180681 0 -0.000543133 0.00011885 -0.249091 0.016624 7.79051e-06
23.9615 0 -0.17968 0 -0.000750014 -9.82381e-05 -0.249566 0.0169026 7.73997e-06
23.9615 0 -0.178679 0 -0.000956896 -0.000315327 -0.250042 0.0171812 7.68942e-06
23.9615 0 -0.177678 0 -0.00116378 -0.000532415 -0.250517 0.0174598 7.63888e-06
23.9615 0 -0.176677 0 -0.00137066 -0.000749503 -0.250992 0.0177385 7.58834e-06
23.9615 0 -0.175676 0 -0.00157754 -0.000966592 -0.251468 0.0180171 7.53779e-06
23.9615 0 -0.174675 0 -0.00178442 -0.00118368 -0.251943 0.0182957 7.48725e-06
23.9615 0 -0.173674 0 -0.00199131 -0.00140077 -0.252418 0.0185743 7.43671e-06
23.9615 0 -0.172673 0 -0.00219819 -0.00161786 -0.252894 0.018853 7.38616e-06
23.9615 0 -0.171672 0 -0.00240969 -0.00183964 -0.253347 0.0191379 7.33384e-06
23.9615 0 -0.170671 0 -0.00263938 -0.0020799 -0.253712 0.0194478 7.27455e-06
23.9615 0 -0.16967 0 -0.00286907 -0.00232015 -0.254077 0.0197577 7.21525e-06
23.9615 0 -0.168669 0 -0.00309875 -0.00256041 -0.254442 0.0200677 7.15596e-06
23.9615 0 -0.167668 0 -0.00332844 -0.00280066 -0.254807 0.0203776 7.09666e-06
23.9615 0 -0.166667 0 -0.00355812 -0.00304091 -0.255172 0.0206875 7.03736e-06
23.9615 0 -0.165666 0 -0.00378781 -0.00328117 -0.255537 0.0209974 6.97807e-06
23.9615 0 -0.164665 0 -0.00401749 -0.00352142 -0.255902 0.0213073 6.91877e-06
23.9615 0 -0.163664 0 -0.00424718 -0.00376168 -0.256267 0.0216172 6.85947e-06
23.9615 0 -0.162663 0 -0.00447687 -0.00400193 -0.256632 0.0219271 6.80018e-06
23.9615 0 -0.161662 0 -0.00470655 -0.00424219 -0.256997 0.022237 6.74088e-06
23.9615 0 -0.160661 0 -0.00493624 -0.00448244 -0.257362 0.0225469 6.68159e-06
23.9615 0 -0.15966 0 -0.00516592 -0.00472269 -0.257727 0.0228568 6.62229e-06
23.9615 0 -0.158659 0 -0.00539561 -0.00496295 -0.258093 0.0231667 6.56299e-06
23.9615 0 -0.157658 0 -0.00562529 -0.0052032 -0.258458 0.0234766 6.5037e-06
23.9615 0 -0.156657 0 -0.00585498 -0.00544346 -0.258823 0.0237865 6.4444e-06
23.9615 0 -0.155656 0 -0.00609762 -0.00569671 -0.259114 0.0241131 6.38069e-06
23.9615 0 -0.154655 0 -0.00634915 -0.00595886 -0.259356 0.0244512 6.31396e-06
23.9615 0 -0.153654 0 -0.00660067 -0.00622101 -0.259597 0.0247893 6.24723e-06
23.9615 0 -0.152653 0 -0.00685219 -0.00648316 -0.259838 0.0251274 6.1805e-06
23.9615 0 -0.151652 0 -0.00710372 -0.00674532 -0.260079 0.0254655 6.11377e-06
23.9615 0 -0.150651 0 -0.00735524 -0.00700747 -0.260321 0.0258036 6.04704e-06
23.9615 0 -0.14965 0 -0.00760676 -0.00726962 -0.260562 0.0261417 5.98031e-06
23.9615 0 -0.148649 0 -0.00785828 -0.00753178 -0.260803 0.0264798 5.91358e-06
23.9615 0 -0.147648 0 -0.00810981 -0.00779393 -0.261045 0.0268179 5.84685e-06
23.9615 0 -0.146647 0 -0.00836133 -0.00805608 -0.261286 0.027156 5.78012e-06
23.9615 0 -0.145646 0 -0.00861285 -0.00831824 -0.261527 0.0274942 5.71339e-06
23.9615 0 -0.144645 0 -0.00886438 -0.00858039 -0.261768 0.0278323 5.64666e-06
23.9615 0 -0.143644 0 -0.0091159 -0.00884254 -0.26201 0.0281704 5.57993e-06
23.9615 0 -0.142643 0 -0.00936742 -0.00910469 -0.262251 0.0285085 5.5132e-06
23.9615 0 -0.141642 0 -0.00961895 -0.00936685 -0.262492 0.0288466 5.44647e-06
23.9615 0 -0.140641 0 -0.00987047 -0.009629 -0.262734 0.0291847 5.37974e-06
23.9615 0 -0.13964 0 -0.0101416 -0.0099116 -0.262842 0.0295464 5.30737e-06
23.9615 0 -0.138639 0 -0.0104131 -0.0101945 -0.262948 0.0299085 5.23491e-06
23.9615 0 -0.137638 0 -0.0106846 -0.0104775 -0.263055 0.0302706 5.16244e-06
23.9615 0 -0.136637 0 -0.0109561 -0.0107604 -0.263161 0.0306328 5.08998e-06
23.9615 0 -0.135636 0 -0.0112276 -0.0110434 -0.263267 0.0309949 5.01751e-06
23.9615 0 -0.134635 0 -0.0114991 -0.0113263 -0.263373 0.031357 4.94505e-06
23.9615 0 -0.133634 0 -0.0117706 -0.0116092 -0.26348 0.0317191 4.87258e-06
23.9615 0 -0.132633 0 -0.0120421 -0.0118922 -0.263586 0.0320812 4.80012e-06
23.9615 0 -0.131632 0 -0.0123136 -0.0121751 -0.263692 0.0324434 4.72766e-06
23.9615 0 -0.130631 0 -0.0125851 -0.012458 -0.263799 0.0328055 4.65519e-06
23.9615 0 -0.12963 0 -0.0128566 -0.012741 -0.263905 0.0331676 4.58273e-06
23.9615 0 -0.128629 0 -0.0131281 -0.0130239 -0.264011 0.0335297 4.51026e-06
23.9615 0 -0.127628 0 -0.0133996 -0.0133068 -0.264117 0.0338918 4.4378e-06
23.9615 0 -0.126627 0 -0.0136711 -0.0135898 -0.264224 0.034254 4.36533e-06
23.9615 0 -0.125626 0 -0.0139426 -0.0138727 -0.26433 0.0346161 4.29287e-06
23.9615 0 -0.124625 0 -0.0142206 -0.0141624 -0.264383 0.0349853 4.219e-06
23.9615 0 -0.123624 0 -0.0145096 -0.0144632 -0.264346 0.0353663 4.1428e-06
23.9615 0 -0.122623 0 -0.0147985 -0.0147641 -0.264309 0.0357474 4.06659e-06
23.9615 0 -0.121622 0 -0.0150874 -0.015065 -0.264272 0.0361284 3.99039e-06
23.9615 0 -0.120621 0 -0.0153763 -0.0153658 -0.264235 0.0365095 3.91418e-06
23.9615 0 -0.11962 0 -0.0156653 -0.0156667 -0.264198 0.0368905 3.83798e-06
23.9615 0 -0.118619 0 -0.0159542 -0.0159675 -0.264161 0.0372716 3.76177e-06
23.9615 0 -0.117618 0 -0.0162431 -0.0162684 -0.264124 0.0376526 3.68557e-06
23.9615 0 -0.116617 0 -0.016532 -0.0165693 -0.264087 0.0380337 3.60936e-06
23.9615 0 -0.115616 0 -0.016821 -0.0168701 -0.26405 0.0384147 3.53316e-06
23.9615 0 -0.114615 0 -0.0171099 -0.017171 -0.264013 0.0387958 3.45695e-06
23.9615 0 -0.113614 0 -0.0173988 -0.0174719 -0.263976 0.0391768 3.38075e-06
23.9615 0 -0.112613 0 -0.0176878 -0.0177727 -0.263939 0.0395579 3.30454e-06
23.9615 0 -0.111612 0 -0.0179767 -0.0180736 -0.263902 0.0399389 3.22833e-06
23.9615 0 -0.110611 0 -0.0182656 -0.0183745 -0.263865 0.04032 3.15213e-06
23.9615 0 -0.10961 0 -0.0185545 -0.0186753 -0.263828 0.040701 3.07592e-06
23.9615 0 -0.108609 0 -0.0188543 -0.018987 -0.263677 0.0410922 2.99852e-06
23.9615 0 -0.107608 0 -0.0191575 -0.0193021 -0.263492 0.0414865 2.92074e-06
23.9615 0 -0.106607 0 -0.0194606 -0.0196171 -0.263307 0.0418808 2.84297e-06
23.9615 0 -0.105606 0 -0.0197637 -0.0199321 -0.263122 0.0422751 2.76519e-06
23.9615 0 -0.104605 0 -0.0200669 -0.0202471 -0.262937 0.0426694 2.68741e-06
23.9615 0 -0.103604 0 -0.02037 -0.0205622 -0.262752 0.0430637 2.60964e-06
23.9615 0 -0.102603 0 -0.0206731 -0.0208772 -0.262567 0.043458 2.53186e-06
23.9615 0 -0.101602 0 -0.0209763 -0.0211922 -0.262382 0.0438523 2.45409e-06
23.9615 0 -0.100601 0 -0.0212794 -0.0215072 -0.262197 0.0442465 2.37631e-06
23.9615 0 -0.0996 0 -0.0215826 -0.0218223 -0.262012 0.0446408 2.29853e-06
23.9615 0 -0.098599 0 -0.0218857 -0.0221373 -0.261827 0.0450351 2.22076e-06
23.9615 0 -0.097598 0 -0.0221888 -0.0224523 -0.261642 0.0454294 2.14298e-06
23.9615 0 -0.096597 0 -0.022492 -0.0227674 -0.261457 0.0458237 2.06521e-06
23.9615 0 -0.095596 0 -0.0227951 -0.0230824 -0.261271 0.046218 1.98743e-06
23.9615 0 -0.094595 0 -0.0230982 -0.0233974 -0.261086 0.0466123 1.90965e-06
23.9615 0 -0.093594 0 -0.023403 -0.023714 -0.260878 0.0470077 1.83198e-06
23.9615 0 -0.092593 0 -0.0237164 -0.0240389 -0.260544 0.0474091 1.75486e-06
23.9615 0 -0.091592 0 -0.0240299 -0.0243639 -0.260209 0.0478106 1.67774e-06
23.9615 0 -0.090591 0 -0.0243433 -0.0246888 -0.259875 0.048212 1.60062e-06
23.9615 0 -0.08959 0 -0.0246567 -0.0250137 -0.259541 0.0486134 1.52349e-06
23.9615 0 -0.088589 0 -0.0249702 -0.0253387 -0.259206 0.0490149 1.44637e-06
23.9615 0 -0.087588 0 -0.0252836 -0.0256636 -0.258872 0.0494163 1.36925e-06
23.9615 0 -0.086587 0 -0.025597 -0.0259886 -0.258538 0.0498177 1.29213e-06
23.9615 0 -0.085586 0 -0.0259105 -0.0263135 -0.258203 0.0502192 1.21501e-06
23.9615 0 -0.084585 0 -0.0262239 -0.0266384 -0.257869 0.0506206 1.13789e-06
23.9615 0 -0.083584 0 -0.0265374 -0.0269634 -0.257534 0.0510221 1.06077e-06
23.9615 0 -0.082583 0 -0.0268508 -0.0272883 -0.2572 0.0514235 9.83646e-07
23.9615 0 -0.081582 0 -0.0271642 -0.0276133 -0.256866 0.0518249 9.06525e-07
23.9615 0 -0.080581 0 -0.0274777 -0.0279382 -0.256531 0.0522264 8.29404e-07
23.9615 0 -0.07958 0 -0.0277911 -0.0282631 -0.256197 0.0526278 7.52283e-07
23.9615 0 -0.078579 0 -0.0281046 -0.0285881 -0.255863 0.0530292 6.75162e-07
23.9615 0 -0.077578 0 -0.0284212 -0.0289159 -0.255448 0.0534312 5.99574e-07
23.9615 0 -0.076577 0 -0.0287405 -0.0292462 -0.254967 0.0538335 5.2526e-07
23.9615 0 -0.075576 0 -0.0290598 -0.0295765 -0.254486 0.0542358 4.50945e-07
23.9615 0 -0.074575 0 -0.0293791 -0.0299067 -0.254005 0.0546381 3.7663e-07
23.9615 0 -0.073574 0 -0.0296985 -0.030237 -0.253523 0.0550405 3.02316e-07
23.9615 0 -0.072573 0 -0.0300178 -0.0305673 -0.253042 0.0554428 2.28001e-07
23.9615 0 -0.071572 0 -0.0303371 -0.0308975 -0.252561 0.0558451 1.53687e-07
23.9615 0 -0.070571 0 -0.0306564 -0.0312278 -0.25208 0.0562474 7.93719e-08
23.9615 0 -0.06957 0 -0.0309757 -0.031558 -0.251599 0.0566498 5.05733e-09
23.9615 0 -0.068569 0 -0.031295 -0.0318883 -0.251118 0.0570521 -6.92573e-08
23.9615 0 -0.067568 0 -0.0316143 -0.0322186 -0.250636 0.0574544 -1.43572e-07
23.9615 0 -0.066567 0 -0.0319336 -0.0325488 -0.250155 0.0578567 -2.17887e-07
23.9615 0 -0.065566 0 -0.032253 -0.0328791 -0.249674 0.0582591 -2.92201e-07
23.9615 0 -0.064565 0 -0.0325723 -0.0332094 -0.249193 0.0586614 -3.66516e-07
23.9615 0 -0.063564 0 -0.0328916 -0.0335396 -0.248712 0.0590637 -4.4083e-07
23.9615 0 -0.062563 0 -0.0332109 -0.0338699 -0.248231 0.059466 -5.15145e-07
23.9615 0 -0.061562 0 -0.0335313 -0.0342006 -0.247617 0.0598635 -5.8501e-07
23.9615 0 -0.060561 0 -0.0338517 -0.0345312 -0.246996 0.0602606 -6.54576e-07
23.9615 0 -0.05956 0 -0.0341722 -0.0348619 -0.246374 0.0606577 -7.24142e-07
23.9615 0 -0.058559 0 -0.0344927 -0.0351926 -0.245752 0.0610548 -7.93709e-07
23.9615 0 -0.057558 0 -0.0348131 -0.0355233 -0.24513 0.0614519 -8.63275e-07
23.9615 0 -0.056557 0 -0.0351336 -0.0358539 -0.244508 0.061849 -9.32841e-07
23.9615 0 -0.055556 0 -0.035454 -0.0361846 -0.243886 0.0622461 -1.00241e-06
23.9615 0 -0.054555 0 -0.0357745 -0.0365153 -0.243264 0.0626432 -1.07197e-06
23.9615 0 -0.053554 0 -0.036095 -0.036846 -0.242642 0.0630403 -1.14154e-06
23.9615 0 -0.052553 0 -0.0364154 -0.0371767 -0.24202 0.0634374 -1.21111e-06
23.9615 0 -0.051552 0 -0.0367359 -0.0375073 -0.241398 0.0638345 -1.28067e-06
23.9615 0 -0.050551 0 -0.0370563 -0.037838 -0.240776 0.0642316 -1.35024e-06
23.9615 0 -0.04955 0 -0.0373768 -0.0381687 -0.240154 0.0646287 -1.4198e-06
23.9615 0 -0.048549 0 -0.0376973 -0.0384994 -0.239532 0.0650258 -1.48937e-06
23.9615 0 -0.047548 0 -0.0380177 -0.03883 -0.23891 0.0654229 -1.55894e-06
23.9615 0 -0.046547 0 -0.038337 -0.0391592 -0.238244 0.0658164 -1.62642e-06
23.9615 0 -0.045546 0 -0.0386538 -0.0394853 -0.237491 0.0662026 -1.68961e-06
23.9615 0 -0.044545 0 -0.0389705 -0.0398114 -0.236737 0.0665888 -1.75281e-06
23.9615 0 -0.043544 0 -0.0392873 -0.0401375 -0.235983 0.0669749 -1.816e-06
23.9615 0 -0.042543 0 -0.0396041 -0.0404636 -0.235229 0.0673611 -1.8792e-06
23.9615 0 -0.041542 0 -0.0399209 -0.0407897 -0.234475 0.0677473 -1.94239e-06
23.9615 0 -0.040541 0 -0.0402376 -0.0411158 -0.233722 0.0681334 -2.00559e-06
23.9615 0 -0.03954 0 -0.0405544 -0.0414419 -0.232968 0.0685196 -2.06878e-06
23.9615 0 -0.038539 0 -0.0408712 -0.041768 -0.232214 0.0689058 -2.13198e-06
23.9615 0 -0.037538 0 -0.041188 -0.0420941 -0.23146 0.0692919 -2.19517e-06
23.9615 0 -0.036537 0 -0.0415047 -0.0424202 -0.230706 0.0696781 -2.25837e-06
23.9615 0 -0.035536 0 -0.0418215 -0.0427463 -0.229953 0.0700643 -2.32156e-06
23.9615 0 -0.034535 0 -0.0421383 -0.0430724 -0.229199 0.0704505 -2.38476e-06
23.9615 0 -0.033534 0 -0.0424551 -0.0433984 -0.228445 0.0708366 -2.44795e-06
23.9615 0 -0.032533 0 -0.0427719 -0.0437245 -0.227691 0.0712228 -2.51115e-06
23.9615 0 -0.031532 0 -0.0430886 -0.0440506 -0.226937 0.071609 -2.57434e-06
23.9615 0 -0.030531 0 -0.0433993 -0.0443699 -0.226097 0.0719836 -2.63208e-06
23.9615 0 -0.02953 0 -0.0437077 -0.0446865 -0.225223 0.0723537 -2.68767e-06
23.9615 0 -0.028529 0 -0.044016 -0.0450031 -0.224349 0.0727239 -2.74326e-06
23.9615 0 -0.027528 0 -0.0443244 -0.0453196 -0.223475 0.073094 -2.79885e-06
23.9615 0 -0.026527 0 -0.0446327 -0.0456362 -0.222601 0.0734641 -2.85445e-06
23.9615 0 -0.025526 0 -0.044941 -0.0459528 -0.221727 0.0738342 -2.91004e-06
23.9615 0 -0.024525 0 -0.0452494 -0.0462694 -0.220853 0.0742044 -2.96563e-06
23.9615 0 -0.023524 0 -0.0455577 -0.046586 -0.219979 0.0745745 -3.02123e-06
23.9615 0 -0.022523 0 -0.0458661 -0.0469026 -0.219105 0.0749446 -3.07682e-06
23.9615 0 -0.021522 0 -0.0461744 -0.0472191 -0.21823 0.0753147 -3.13241e-06
23.9615 0 -0.020521 0 -0.0464827 -0.0475357 -0.217356 0.0756849 -3.18801e-06
23.9615 0 -0.01952 0 -0.0467911 -0.0478523 -0.216482 0.076055 -3.2436e-06
23.9615 0 -0.018519 0 -0.0470994 -0.0481689 -0.215608 0.0764251 -3.29919e-06
23.9615 0 -0.017518 0 -0.0474078 -0.0484855 -0.214734 0.0767952 -3.35478e-06
23.9615 0 -0.016517 0 -0.0477161 -0.0488021 -0.21386 0.0771653 -3.41038e-06
23.9615 0 -0.015516 0 -0.048023 -0.0491171 -0.212974 0.0775332 -3.46506e-06
23.9615 0 -0.014515 0 -0.0483185 -0.0494195 -0.211993 0.077883 -3.51225e-06
23.9615 0 -0.013514 0 -0.0486139 -0.0497219 -0.211012 0.0782327 -3.55944e-06
23.9615 0 -0.012513 0 -0.0489093 -0.0500243 -0.210031 0.0785824 -3.60663e-06
23.9615 0 -0.011512 0 -0.0492047 -0.0503268 -0.20905 0.0789321 -3.65382e-06
23.9615 0 -0.010511 0 -0.0495001 -0.0506292 -0.208069 0.0792819 -3.70101e-06
23.9615 0 -0.00951 0 -0.0497955 -0.0509316 -0.207088 0.0796316 -3.74821e-06
23.9615 0 -0.008509 0 -0.0500909 -0.051234 -0.206107 0.0799813 -3.7954e-06
23.9615 0 -0.007508 0 -0.0503863 -0.0515364 -0.205126 0.080331 -3.84259e-06
23.9615 0 -0.006507 0 -0.0506818 -0.0518388 -0.204145 0.0806808 -3.88978e-06
23.9615 0 -0.005506 0 -0.0509772 -0.0521413 -0.203164 0.0810305 -3.93697e-06
23.9615 0 -0.004505 0 -0.0512726 -0.0524437 -0.202183 0.0813802 -3.98416e-06
23.9615 0 -0.003504 0 -0.051568 -0.0527461 -0.201202 0.0817299 -4.03136e-06
23.9615 0 -0.002503 0 -0.0518634 -0.0530485 -0.200221 0.0820797 -4.07855e-06
23.9615 0 -0.001502 0 -0.0521588 -0.0533509 -0.19924 0.0824294 -4.12574e-06
23.9615 0 -0.000501 0 -0.0524542 -0.0536533 -0.198259 0.0827791 -4.17293e-06
23.9615 0 0.000501 0 -0.0527414 -0.0539469 -0.197231 0.0831172 -4.21578e-06
23.9615 0 0.001502 0 -0.0530198 -0.054231 -0.196158 0.0834431 -4.25422e-06
23.9615 0 0.002503 0 -0.0532982 -0.054515 -0.195084 0.0837689 -4.29265e-06
23.9615 0 0.003504 0 -0.0535767 -0.0547991 -0.194011 0.0840948 -4.33108e-06
23.9615 0 0.004505 0 -0.0538551 -0.0550832 -0.192937 0.0844206 -4.36951e-06
23.9615 0 0.005506 0 -0.0541335 -0.0553673 -0.191864 0.0847464 -4.40795e-06
23.9615 0 0.006507 0 -0.0544119 -0.0556513 -0.190791 0.0850723 -4.44638e-06
23.9615 0 0.007508 0 -0.0546903 -0.0559354 -0.189717 0.0853981 -4.48481e-06
23.9615 0 0.008509 0 -0.0549687 -0.0562195 -0.188644 0.085724 -4.52324e-06
23.9615 0 0.00951 0 -0.0552471 -0.0565036 -0.18757 0.0860498 -4.56167e-06
23.9615 0 0.010511 0 -0.0555255 -0.0567876 -0.186497 0.0863756 -4.60011e-06
23.9615 0 0.011512 0 -0.0558039 -0.0570717 -0.185424 0.0867015 -4.63854e-06
23.9615 0 0.012513 0 -0.0560823 -0.0573558 -0.18435 0.0870273 -4.67697e-06
23.9615 0 0.013514 0 -0.0563607 -0.0576399 -0.183277 0.0873532 -4.7154e-06
23.9615 0 0.014515 0 -0.0566391 -0.057924 -0.182203 0.087679 -4.75383e-06
23.9615 0 0.015516 0 -0.0569175 -0.058208 -0.18113 0.0880048 -4.79227e-06
23.9615 0 0.016517 0 -0.0571776 -0.0584726 -0.179987 0.0883071 -4.82294e-06
23.9615 0 0.017518 0 -0.0574355 -0.0587347 -0.178836 0.0886064 -4.85267e-06
23.9615 0 0.018519 0 -0.0576934 -0.0589968 -0.177685 0.0889057 -4.8824e-06
23.9615 0 0.01952 0 -0.0579512 -0.059259 -0.176535 0.0892051 -4.91213e-06
23.9615 0 0.020521 0 -0.0582091 -0.0595211 -0.175384 0.0895044 -4.94186e-06
23.9615 0 0.021522 0 -0.0584669 -0.0597833 -0.174233 0.0898038 -4.97159e-06
23.9615 0 0.022523 0 -0.0587248 -0.0600454 -0.173082 0.0901031 -5.00132e-06
23.9615 0 0.023524 0 -0.0589826 -0.0603076 -0.171931 0.0904024 -5.03105e-06
23.9615 0 0.024525 0 -0.0592405 -0.0605697 -0.17078 0.0907018 -5.06077e-06
23.9615 0 0.025526 0 -0.0594984 -0.0608318 -0.169629 0.0910011 -5.0905e-06
23.9615 0 0.026527 0 -0.0597562 -0.061094 -0.168478 0.0913004 -5.12023e-06
23.9615 0 0.027528 0 -0.0600141 -0.0613561 -0.167327 0.0915998 -5.14996e-06
23.9615 0 0.028529 0 -0.0602719 -0.0616183 -0.166176 0.0918991 -5.17969e-06
23.9615 0 0.02953 0 -0.0605298 -0.0618804 -0.165025 0.0921985 -5.20942e-06
23.9615 0 0.030531 0 -0.0607876 -0.0621425 -0.163874 0.0924978 -5.23915e-06
23.9615 0 0.031532 0 -0.0610389 -0.0623977 -0.162705 0.0927892 -5.26654e-06
23.9615 0 0.032533 0 -0.0612732 -0.0626348 -0.161492 0.0930602 -5.28799e-06
23.9615 0 0.033534 0 -0.0615076 -0.062872 -0.160278 0.0933312 -5.30943e-06
23.9615 0 0.034535 0 -0.061742 -0.0631092 -0.159064 0.0936023 -5.33087e-06
23.9615 0 0.035536 0 -0.0619763 -0.0633464 -0.157851 0.0938733 -5.35232e-06
23.9615 0 0.036537 0 -0.0622107 -0.0635836 -0.156637 0.0941444 -5.37376e-06
23.9615 0 0.037538 0 -0.0624451 -0.0638208 -0.155423 0.0944154 -5.39521e-06
23.9615 0 0.038539 0 -0.0626795 -0.064058 -0.154209 0.0946864 -5.41665e-06
23.9615 0 0.03954 0 -0.0629138 -0.0642952 -0.152996 0.0949575 -5.43809e-06
23.9615 0 0.040541 0 -0.0631482 -0.0645324 -0.151782 0.0952285 -5.45954e-06
23.9615 0 0.041542 0 -0.0633826 -0.0647696 -0.150568 0.0954996 -5.48098e-06
23.9615 0 0.042543 0 -0.0636169 -0.0650068 -0.149354 0.0957706 -5.50243e-06
23.9615 0 0.043544 0 -0.0638513 -0.065244 -0.148141 0.0960416 -5.52387e-06
23.9615 0 0.044545 0 -0.0640857 -0.0654812 -0.146927 0.0963127 -5.54532e-06
23.9615 0 0.045546 0 -0.06432 -0.0657184 -0.145713 0.0965837 -5.56676e-06
23.9615 0 0.046547 0 -0.0645544 -0.0659556 -0.144499 0.0968548 -5.5882e-06
23.9615 0 0.047548 0 -0.0647714 -0.0661744 -0.143253 0.0971061 -5.60456e-06
23.9615 0 0.048549 0 -0.06498 -0.0663843 -0.14199 0.0973477 -5.61843e-06
23.9615 0 0.04955 0 -0.0651886 -0.0665941 -0.140728 0.0975894 -5.6323e-06
23.9615 0 0.050551 0 -0.0653972 -0.066804 -0.139465 0.0978311 -5.64618e-06
23.9615 0 0.051552 0 -0.0656058 -0.0670139 -0.138203 0.0980728 -5.66005e-06
23.9615 0 0.052553 0 -0.0658144 -0.0672237 -0.13694 0.0983145 -5.67392e-06
23.9615 0 0.053554 0 -0.0660229 -0.0674336 -0.135678 0.0985562 -5.68779e-06
23.9615 0 0.054555 0 -0.0662315 -0.0676435 -0.134415 0.0987979 -5.70167e-06
23.9615 0 0.055556 0 -0.0664401 -0.0678533 -0.133153 0.0990396 -5.71554e-06
23.9615 0 0.056557 0 -0.0666487 -0.0680632 -0.13189 0.0992812 -5.72941e-06
23.9615 0 0.057558 0 -0.0668573 -0.068273 -0.130628 0.0995229 -5.74328e-06
23.9615 0 0.058559 0 -0.0670659 -0.0684829 -0.129365 0.0997646 -5.75716e-06
23.9615 0 0.05956 0 -0.0672745 -0.0686928 -0.128103 0.100006 -5.77103e-06
23.9615 0 0.060561 0 -0.0674831 -0.0689026 -0.12684 0.100248 -5.7849e-06
23.9615 0 0.061562 0 -0.0676916 -0.0691125 -0.125578 0.10049 -5.79877e-06
23.9615 0 0.062563 0 -0.0678985 -0.0693205 -0.124313 0.100729 -5.81223e-06
23.9615 0 0.063564 0 -0.0680797 -0.0695013 -0.123015 0.100941 -5.81946e-06
23.9615 0 0.064565 0 -0.0682608 -0.0696821 -0.121717 0.101153 -5.8267e-06
23.9615 0 0.065566 0 -0.068442 -0.0698629 -0.120418 0.101365 -5.83393e-06
23.9615 0 0.066567 0 -0.0686232 -0.0700437 -0.11912 0.101577 -5.84116e-06
23.9615 0 0.067568 0 -0.0688043 -0.0702244 -0.117822 0.101789 -5.8484e-06
23.9615 0 0.068569 0 -0.0689855 -0.0704052 -0.116523 0.102001 -5.85563e-06
23.9615 0 0.06957 0 -0.0691666 -0.070586 -0.115225 0.102213 -5.86287e-06
23.9615 0 0.070571 0 -0.0693478 -0.0707668 -0.113927 0.102425 -5.8701e-06
23.9615 0 0.071572 0 -0.069529 -0.0709476 -0.112628 0.102636 -5.87733e-06
23.9615 0 0.072573 0 -0.0697101 -0.0711284 -0.11133 0.102848 -5.88457e-06
23.9615 0 0.073574 0 -0.0698913 -0.0713091 -0.110032 0.10306 -5.8918e-06
23.9615 0 0.074575 0 -0.0700725 -0.0714899 -0.108734 0.103272 -5.89903e-06
23.9615 0 0.075576 0 -0.0702536 -0.0716707 -0.107435 0.103484 -5.90627e-06
23.9615 0 0.076577 0 -0.0704348 -0.0718515 -0.106137 0.103696 -5.9135e-06
23.9615 0 0.077578 0 -0.070616 -0.0720323 -0.104839 0.103908 -5.92074e-06
23.9615 0 0.078579 0 -0.0707842 -0.0721994 -0.103529 0.104106 -5.92545e-06
23.9615 0 0.07958 0 -0.0709369 -0.07235 -0.102207 0.104288 -5.92712e-06
23.9615 0 0.080581 0 -0.0710897 -0.0725005 -0.100884 0.10447 -5.92878e-06
23.9615 0 0.081582 0 -0.0712424 -0.0726511 -0.099562 0.104652 -5.93045e-06
23.9615 0 0.082583 0 -0.0713951 -0.0728017 -0.0982395 0.104835 -5.93212e-06
23.9615 0 0.083584 0 -0.0715478 -0.0729523 -0.096917 0.105017 -5.93379e-06
23.9615 0 0.084585 0 -0.0717005 -0.0731029 -0.0955946 0.105199 -5.93546e-06
23.9615 0 0.085586 0 -0.0718533 -0.0732534 -0.0942721 0.105381 -5.93713e-06
23.9615 0 0.086587 0 -0.072006 -0.073404 -0.0929497 0.105563 -5.9388e-06
23.9615 0 0.087588 0 -0.0721587 -0.0735546 -0.0916272 0.105745 -5.94047e-06
23.9615 0 0.088589 0 -0.0723114 -0.0737052 -0.0903047 0.105927 -5.94214e-06
23.9615 0 0.08959 0 -0.0724642 -0.0738558 -0.0889823 0.106109 -5.94381e-06
23.9615 0 0.090591 0 -0.0726169 -0.0740064 -0.0876598 0.106291 -5.94548e-06
23.9615 0 0.091592 0 -0.0727696 -0.0741569 -0.0863373 0.106474 -5.94715e-06
23.9615 0 0.092593 0 -0.0729223 -0.0743075 -0.0850149 0.106656 -5.94882e-06
23.9615 0 0.093594 0 -0.073075 -0.0744581 -0.0836924 0.106838 -5.95049e-06
23.9615 0 0.094595 0 -0.0732034 -0.0745827 -0.0823581 0.106995 -5.94843e-06
23.9615 0 0.095596 0 -0.0733272 -0.0747025 -0.0810217 0.107148 -5.94569e-06
23.9615 0 0.096597 0 -0.073451 -0.0748223 -0.0796852 0.1073 -5.94294e-06
23.9615 0 0.097598 0 -0.0735749 -0.0749422 -0.0783488 0.107453 -5.94019e-06
23.9615 0 0.098599 0 -0.0736987 -0.075062 -0.0770123 0.107605 -5.93744e-06
23.9615 0 0.0996 0 -0.0738226 -0.0751818 -0.0756759 0.107758 -5.9347e-06
23.9615 0 0.100601 0 -0.0739464 -0.0753016 -0.0743395 0.107911 -5.93195e-06
23.9615 0 0.101602 0 -0.0740702 -0.0754214 -0.073003 0.108063 -5.9292e-06
23.9615 0 0.102603 0 -0.0741941 -0.0755412 -0.0716666 0.108216 -5.92646e-06
23.9615 0 0.103604 0 -0.0743179 -0.075661 -0.0703301 0.108369 -5.92371e-06
23.9615 0 0.104605 0 -0.0744417 -0.0757808 -0.0689937 0.108521 -5.92096e-06
23.9615 0 0.105606 0 -0.0745656 -0.0759007 -0.0676572 0.108674 -5.91821e-06
23.9615 0 0.106607 0 -0.0746894 -0.0760205 -0.0663208 0.108826 -5.91547e-06
23.9615 0 0.107608 0 -0.0748133 -0.0761403 -0.0649843 0.108979 -5.91272e-06
23.9615 0 0.108609 0 -0.0749371 -0.0762601 -0.0636479 0.109132 -5.90997e-06
23.9615 0 0.10961 0 -0.0750542 -0.0763727 -0.0623102 0.109277 -5.90646e-06
23.9615 0 0.110611 0 -0.0751492 -0.0764616 -0.0609685 0.109401 -5.90046e-06
23.9615 0 0.111612 0 -0.0752442 -0.0765505 -0.0596268 0.109525 -5.89445e-06
23.9615 0 0.112613 0 -0.0753393 -0.0766394 -0.0582851 0.109648 -5.88845e-06
23.9615 0 0.113614 0 -0.0754343 -0.0767284 -0.0569434 0.109772 -5.88244e-06
23.9615 0 0.114615 0 -0.0755293 -0.0768173 -0.0556017 0.109895 -5.87644e-06
23.9615 0 0.115616 0 -0.0756244 -0.0769062 -0.05426 0.110019 -5.87043e-06
23.9615 0 0.116617 0 -0.0757194 -0.0769951 -0.0529183 0.110143 -5.86443e-06
23.9615 0 0.117618 0 -0.0758144 -0.077084 -0.0515765 0.110266 -5.85842e-06
23.9615 0 0.118619 0 -0.0759095 -0.077173 -0.0502348 0.11039 -5.85242e-06
23.9615 0 0.11962 0 -0.0760045 -0.0772619 -0.0488931 0.110513 -5.84641e-06
23.9615 0 0.120621 0 -0.0760996 -0.0773508 -0.0475514 0.110637 -5.84041e-06
23.9615 0 0.121622 0 -0.0761946 -0.0774397 -0.0462097 0.110761 -5.8344e-06
23.9615 0 0.122623 0 -0.0762896 -0.0775287 -0.044868 0.110884 -5.8284e-06
23.9615 0 0.123624 0 -0.0763847 -0.0776176 -0.0435263 0.111008 -5.82239e-06
23.9615 0 0.124625 0 -0.0764797 -0.0777065 -0.0421846 0.111131 -5.81639e-06
23.9615 0 0.125626 0 -0.0765571 -0.0777763 -0.0408441 0.111237 -5.80905e-06
23.9615 0 0.126627 0 -0.0766238 -0.0778346 -0.0395045 0.111332 -5.80091e-06
23.9615 0 0.127628 0 -0.0766906 -0.0778929 -0.0381648 0.111427 -5.79277e-06
23.9615 0 0.128629 0 -0.0767574 -0.0779512 -0.0368251 0.111522 -5.78463e-06
23.9615 0 0.12963 0 -0.0768242 -0.0780095 -0.0354854 0.111617 -5.77649e-06
23.9615 0 0.130631 0 -0.076891 -0.0780677 -0.0341458 0.111712 -5.76835e-06
23.9615 0 0.131632 0 -0.0769578 -0.078126 -0.0328061 0.111807 -5.76021e-06
23.9615 0 0.132633 0 -0.0770246 -0.0781843 -0.0314664 0.111902 -5.75207e-06
23.9615 0 0.133634 0 -0.0770914 -0.0782426 -0.0301268 0.111997 -5.74393e-06
23.9615 0 0.134635 0 -0.0771581 -0.0783009 -0.0287871 0.112092 -5.73579e-06
23.9615 0 0.135636 0 -0.0772249 -0.0783592 -0.0274474 0.112187 -5.72765e-06
23.9615 0 0.136637 0 -0.0772917 -0.0784175 -0.0261077 0.112282 -5.71952e-06
23.9615 0 0.137638 0 -0.0773585 -0.0784758 -0.0247681 0.112377 -5.71138e-06
23.9615 0 0.138639 0 -0.0774253 -0.0785341 -0.0234284 0.112472 -5.70324e-06
23.9615 0 0.13964 0 -0.0774921 -0.0785924 -0.0220887 0.112567 -5.6951e-06
23.9615 0 0.140641 0 -0.0775584 -0.0786502 -0.0207492 0.112662 -5.68694e-06
23.9615 0 0.141642 0 -0.077598 -0.0786785 -0.0194175 0.112729 -5.67772e-06
23.9615 0 0.142643 0 -0.0776375 -0.0787068 -0.0180858 0.112795 -5.6685e-06
23.9615 0 0.143644 0 -0.0776771 -0.0787351 -0.0167542 0.112862 -5.65928e-06
23.9615 0 0.144645 0 -0.0777166 -0.0787634 -0.0154225 0.112929 -5.65006e-06
23.9615 0 0.145646 0 -0.0777562 -0.0787917 -0.0140908 0.112996 -5.64084e-06
23.9615 0 0.146647 0 -0.0777957 -0.07882 -0.0127592 0.113062 -5.63161e-06
23.9615 0 0.147648 0 -0.0778353 -0.0788482 -0.0114275 0.113129 -5.62239e-06
23.9615 0 0.148649 0 -0.0778748 -0.0788765 -0.0100959 0.113196 -5.61317e-06
23.9615 0 0.14965 0 -0.0779144 -0.0789048 -0.0087642 0.113263 -5.60395e-06
23.9615 0 0.150651 0 -0.0779539 -0.0789331 -0.00743254 0.113329 -5.59473e-06
23.9615 0 0.151652 0 -0.0779935 -0.0789614 -0.00610088 0.113396 -5.58551e-06
23.9615 0 0.152653 0 -0.0780331 -0.0789897 -0.00476921 0.113463 -5.57629e-06
23.9615 0 0.153654 0 -0.0780726 -0.079018 -0.00343755 0.11353 -5.56707e-06
23.9615 0 0.154655 0 -0.0781122 -0.0790463 -0.00210589 0.113596 -5.55785e-06
23.9615 0 0.155656 0 -0.0781517 -0.0790746 -0.000774228 0.113663 -5.54862e-06
23.9615 0 0.156657 0 -0.0781807 -0.0790916 0.000552233 0.113718 -5.53934e-06
23.9615 0 0.157658 0 -0.0781944 -0.0790921 0.0018711 0.113757 -5.52997e-06
23.9615 0 0.158659 0 -0.0782081 -0.0790925 0.00318997 0.113796 -5.5206e-06
23.9615 0 0.15966 0 -0.0782218 -0.079093 0.00450884 0.113834 -5.51123e-06
23.9615 0 0.160661 0 -0.0782354 -0.0790935 0.0058277 0.113873 -5.50186e-06
23.9615 0 0.161662 0 -0.0782491 -0.0790939 0.00714657 0.113912 -5.49249e-06
23.9615 0 0.162663 0 -0.0782628 -0.0790944 0.00846544 0.11395 -5.48312e-06
23.9615 0 0.163664 0 -0.0782765 -0.0790949 0.00978431 0.113989 -5.47375e-06
23.9615 0 0.164665 0 -0.0782901 -0.0790953 0.0111032 0.114028 -5.46437e-06
23.9615 0 0.165666 0 -0.0783038 -0.0790958 0.012422 0.114066 -5.455e-06
23.9615 0 0.166667 0 -0.0783175 -0.0790963 0.0137409 0.114105 -5.44563e-06
23.9615 0 0.167668 0 -0.0783311 -0.0790968 0.0150598 0.114143 -5.43626e-06
23.9615 0 0.168669 0 -0.0783448 -0.0790972 0.0163786 0.114182 -5.42689e-06
23.9615 0 0.16967 0 -0.0783585 -0.0790977 0.0176975 0.114221 -5.41752e-06
23.9615 0 0.170671 0 -0.0783722 -0.0790982 0.0190164 0.114259 -5.40815e-06
23.9615 0 0.171672 0 -0.0783858 -0.0790986 0.0203353 0.114298 -5.39878e-06
23.9615 0 0.172673 0 -0.0783801 -0.0790789 0.0216409 0.114314 -5.38994e-06
23.9615 0 0.173674 0 -0.0783695 -0.079054 0.0229433 0.114324 -5.38124e-06
23.9615 0 0.174675 0 -0.0783588 -0.0790291 0.0242456 0.114335 -5.37254e-06
23.9615 0 0.175676 0 -0.0783482 -0.0790043 0.0255479 0.114345 -5.36384e-06
23.9615 0 0.176677 0 -0.0783375 -0.0789794 0.0268503 0.114356 -5.35514e-06
23.9615 0 0.177678 0 -0.0783269 -0.0789545 0.0281526 0.114366 -5.34644e-06
23.9615 0 0.178679 0 -0.0783162 -0.0789296 0.0294549 0.114376 -5.33774e-06
23.9615 0 0.17968 0 -0.0783056 -0.0789048 0.0307572 0.114387 -5.32904e-06
23.9615 0 0.180681 0 -0.0782949 -0.0788799 0.0320596 0.114397 -5.32033e-06
23.9615 0 0.181682 0 -0.0782843 -0.078855 0.0333619 0.114407 -5.31163e-06
23.9615 0 0.182683 0 -0.0782736 -0.0788302 0.0346642 0.114418 -5.30293e-06
23.9615 0 0.183684 0 -0.078263 -0.0788053 0.0359666 0.114428 -5.29423e-06
23.9615 0 0.184685 0 -0.0782523 -0.0787804 0.0372689 0.114439 -5.28553e-06
23.9615 0 0.185686 0 -0.0782416 -0.0787555 0.0385712 0.114449 -5.27683e-06
23.9615 0 0.186687 0 -0.078231 -0.0787307 0.0398736 0.114459 -5.26813e-06
23.9615 0 0.187688 0 -0.0782161 -0.0787013 0.0411723 0.114464 -5.25969e-06
23.9615 0 0.188689 0 -0.0781829 -0.0786526 0.0424554 0.114446 -5.25236e-06
23.9615 0 0.18969 0 -0.0781497 -0.0786039 0.0437384 0.114427 -5.24504e-06
23.9615 0 0.190691 0 -0.0781165 -0.0785552 0.0450215 0.114409 -5.23771e-06
23.9615 0 0.191692 0 -0.0780834 -0.0785064 0.0463046 0.11439 -5.23039e-06
23.9615 0 0.192693 0 -0.0780502 -0.0784577 0.0475877 0.114372 -5.22306e-06
23.9615 0 0.193694 0 -0.078017 -0.078409 0.0488708 0.114353 -5.21574e-06
23.9615 0 0.194695 0 -0.0779838 -0.0783603 0.0501538 0.114335 -5.20841e-06
23.9615 0 0.195696 0 -0.0779506 -0.0783116 0.0514369 0.114316 -5.20109e-06
23.9615 0 0.196697 0 -0.0779174 -0.0782629 0.05272 0.114298 -5.19376e-06
23.9615 0 0.197698 0 -0.0778842 -0.0782142 0.0540031 0.11428 -5.18644e-06
23.9615 0 0.198699 0 -0.077851 -0.0781654 0.0552862 0.114261 -5.17911e-06
23.9615 0 0.1997 0 -0.0778179 -0.0781167 0.0565692 0.114243 -5.17179e-06
23.9615 0 0.200701 0 -0.0777847 -0.078068 0.0578523 0.114224 -5.16446e-06
23.9615 0 0.201702 0 -0.0777515 -0.0780193 0.0591354 0.114206 -5.15714e-06
23.9615 0 0.202703 0 -0.0777183 -0.0779706 0.0604185 0.114187 -5.14981e-06
23.9615 0 0.203704 0 -0.0776732 -0.077909 0.0616895 0.114151 -5.14361e-06
23.9615 0 0.204705 0 -0.0776196 -0.0778381 0.0629518 0.114103 -5.13821e-06
23.9615 0 0.205706 0 -0.0775659 -0.0777671 0.0642141 0.114055 -5.13282e-06
23.9615 0 0.206707 0 -0.0775122 -0.0776962 0.0654764 0.114007 -5.12742e-06
23.9615 0 0.207708 0 -0.0774586 -0.0776252 0.0667387 0.113958 -5.12203e-06
23.9615 0 0.208709 0 -0.0774049 -0.0775543 0.068001 0.11391 -5.11663e-06
23.9615 0 0.20971 0 -0.0773512 -0.0774833 0.0692633 0.113862 -5.11124e-06
23.9615 0 0.210711 0 -0.0772975 -0.0774124 0.0705255 0.113813 -5.10584e-06
23.9615 0 0.211712 0 -0.0772439 -0.0773414 0.0717878 0.113765 -5.10045e-06
23.9615 0 0.212713 0 -0.0771902 -0.0772705 0.0730501 0.113717 -5.09505e-06
23.9615 0 0.213714 0 -0.0771365 -0.0771995 0.0743124 0.113669 -5.08966e-06
23.9615 0 0.214715 0 -0.0770829 -0.0771286 0.0755747 0.11362 -5.08427e-06
23.9615 0 0.215716 0 -0.0770292 -0.0770576 0.076837 0.113572 -5.07887e-06
23.9615 0 0.216717 0 -0.0769755 -0.0769867 0.0780992 0.113524 -5.07348e-06
23.9615 0 0.217718 0 -0.0769218 -0.0769157 0.0793615 0.113475 -5.06808e-06
23.9615 0 0.218719 0 -0.0768682 -0.0768448 0.0806238 0.113427 -5.06269e-06
23.9615 0 0.21972 0 -0.0767968 -0.076754 0.0818658 0.113349 -5.05955e-06
23.9615 0 0.220721 0 -0.0767249 -0.0766625 0.0831072 0.113269 -5.05648e-06
23.9615 0 0.221722 0 -0.076653 -0.0765711 0.0843485 0.113189 -5.05342e-06
23.9615 0 0.222723 0 -0.076581 -0.0764797 0.0855899 0.11311 -5.05035e-06
23.9615 0 0.223724 0 -0.0765091 -0.0763882 0.0868312 0.11303 -5.04729e-06
23.9615 0 0.224725 0 -0.0764372 -0.0762968 0.0880726 0.112951 -5.04422e-06
23.9615 0 0.225726 0 -0.0763653 -0.0762053 0.0893139 0.112871 -5.04115e-06
23.9615 0 0.226727 0 -0.0762933 -0.0761139 0.0905553 0.112792 -5.03809e-06
23.9615 0 0.227728 0 -0.0762214 -0.0760225 0.0917966 0.112712 -5.03502e-06
23.9615 0 0.228729 0 -0.0761495 -0.075931 0.093038 0.112632 -5.03196e-06
23.9615 0 0.22973 0 -0.0760776 -0.0758396 0.0942793 0.112553 -5.02889e-06
23.9615 0 0.230731 0 -0.0760057 -0.0757481 0.0955207 0.112473 -5.02583e-06
23.9615 0 0.231732 0 -0.0759337 -0.0756567 0.096762 0.112394 -5.02276e-06
23.9615 0 0.232733 0 -0.0758618 -0.0755652 0.0980034 0.112314 -5.01969e-06
23.9615 0 0.233734 0 -0.0757899 -0.0754738 0.0992447 0.112235 -5.01663e-06
23.9615 0 0.234735 0 -0.0757122 -0.0753756 0.100479 0.112143 -5.01448e-06
23.9615 0 0.235736 0 -0.0756244 -0.0752655 0.101701 0.11203 -5.01397e-06
23.9615 0 0.236737 0 -0.0755366 -0.0751554 0.102924 0.111917 -5.01347e-06
23.9615 0 0.237738 0 -0.0754488 -0.0750453 0.104146 0.111804 -5.01296e-06
23.9615 0 0.238739 0 -0.075361 -0.0749352 0.105368 0.111691 -5.01245e-06
23.9615 0 0.23974 0 -0.0752731 -0.0748251 0.10659 0.111579 -5.01194e-06
23.9615 0 0.240741 0 -0.0751853 -0.074715 0.107813 0.111466 -5.01143e-06
23.9615 0 0.241742 0 -0.0750975 -0.0746049 0.109035 0.111353 -5.01093e-06
23.9615 0 0.242743 0 -0.0750097 -0.0744947 0.110257 0.11124 -5.01042e-06
23.9615 0 0.243744 0 -0.0749219 -0.0743846 0.111479 0.111127 -5.00991e-06
23.9615 0 0.244745 0 -0.074834 -0.0742745 0.112702 0.111014 -5.0094e-06
23.9615 0 0.245746 0 -0.0747462 -0.0741644 0.113924 0.110901 -5.00889e-06
23.9615 0 0.246747 0 -0.0746584 -0.0740543 0.115146 0.110788 -5.00838e-06
23.9615 0 0.247748 0 -0.0745706 -0.0739442 0.116368 0.110675 -5.00788e-06
23.9615 0 0.248749 0 -0.0744828 -0.0738341 0.117591 0.110563 -5.00737e-06
23.9615 0 0.24975 0 -0.0743949 -0.073724 0.118813 0.11045 -5.00686e-06
23.9615 0 0.250751 0 -0.074297 -0.0736013 0.120024 0.11031 -5.0083e-06
23.9615 0 0.251752 0 -0.0741957 -0.0734744 0.121232 0.110161 -5.01039e-06
23.9615 0 0.252753 0 -0.0740944 -0.0733475 0.12244 0.110012 -5.01248e-06
23.9615 0 0.253754 0 -0.0739932 -0.0732206 0.123648 0.109863 -5.01456e-06
23.9615 0 0.254755 0 -0.0738919 -0.0730937 0.124856 0.109714 -5.01665e-06
23.9615 0 0.255756 0 -0.0737906 -0.0729668 0.126064 0.109565 -5.01874e-06
23.9615 0 0.256757 0 -0.0736893 -0.0728399 0.127272 0.109416 -5.02083e-06
23.9615 0 0.257758 0 -0.073588 -0.072713 0.12848 0.109267 -5.02292e-06
23.9615 0 0.258759 0 -0.0734867 -0.0725861 0.129687 0.109118 -5.02501e-06
23.9615 0 0.25976 0 -0.0733854 -0.0724592 0.130895 0.108969 -5.02709e-06
23.9615 0 0.260761 0 -0.0732841 -0.0723323 0.132103 0.10882 -5.02918e-06
23.9615 0 0.261762 0 -0.0731829 -0.0722054 0.133311 0.108671 -5.03127e-06
23.9615 0 0.262763 0 -0.0730816 -0.0720785 0.134519 0.108522 -5.03336e-06
23.9615 0 0.263764 0 -0.0729803 -0.0719516 0.135727 0.108373 -5.03545e-06
23.9615 0 0.264765 0 -0.072879 -0.0718247 0.136935 0.108224 -5.03753e-06
23.9615 0 0.265766 0 -0.0727762 -0.0716957 0.138142 0.10807 -5.03996e-06
23.9615 0 0.266767 0 -0.0726639 -0.0715539 0.139345 0.107881 -5.04447e-06
23.9615 0 0.267768 0 -0.0725516 -0.071412 0.140548 0.107692 -5.04897e-06
23.9615 0 0.268769 0 -0.0724393 -0.0712702 0.141751 0.107504 -5.05347e-06
23.9615 0 0.26977 0 -0.0723269 -0.0711284 0.142953 0.107315 -5.05798e-06
23.9615 0 0.270771 0 -0.0722146 -0.0709866 0.144156 0.107126 -5.06248e-06
23.9615 0 0.271772 0 -0.0721023 -0.0708448 0.145359 0.106938 -5.06699e-06
23.9615 0 0.272773 0 -0.07199 -0.070703 0.146562 0.106749 -5.07149e-06
23.9615 0 0.273774 0 -0.0718777 -0.0705612 0.147765 0.106561 -5.07599e-06
23.9615 0 0.274775 0 -0.0717654 -0.0704194 0.148968 0.106372 -5.0805e-06
23.9615 0 0.275776 0 -0.0716531 -0.0702776 0.15017 0.106183 -5.085e-06
23.9615 0 0.276777 0 -0.0715408 -0.0701358 0.151373 0.105995 -5.08951e-06
23.9615 0 0.277778 0 -0.0714285 -0.069994 0.152576 0.105806 -5.09401e-06
23.9615 0 0.278779 0 -0.0713162 -0.0698521 0.153779 0.105617 -5.09851e-06
23.9615 0 0.27978 0 -0.0712039 -0.0697103 0.154982 0.105429 -5.10302e-06
23.9615 0 0.280781 0 -0.0710916 -0.0695685 0.156185 0.10524 -5.10752e-06
23.9615 0 0.281782 0 -0.0709747 -0.0694198 0.157393 0.105028 -5.11308e-06
23.9615 0 0.282783 0 -0.0708538 -0.0692649 0.158608 0.104795 -5.11956e-06
23.9615 0 0.283784 0 -0.0707329 -0.06911 0.159822 0.104562 -5.12605e-06
23.9615 0 0.284785 0 -0.070612 -0.0689551 0.161036 0.10433 -5.13253e-06
23.9615 0 0.285786 0 -0.0704911 -0.0688002 0.16225 0.104097 -5.13902e-06
23.9615 0 0.286787 0 -0.0703702 -0.0686453 0.163464 0.103864 -5.1455e-06
23.9615 0 0.287788 0 -0.0702493 -0.0684904 0.164678 0.103631 -5.15199e-06
23.9615 0 0.288789 0 -0.0701284 -0.0683355 0.165892 0.103398 -5.15847e-06
23.9615 0 0.28979 0 -0.0700075 -0.0681806 0.167106 0.103166 -5.16496e-06
23.9615 0 0.290791 0 -0.0698866 -0.0680257 0.16832 0.102933 -5.17144e-06
23.9615 0 0.291792 0 -0.0697656 -0.0678709 0.169534 0.1027 -5.17792e-06
23.9615 0 0.292793 0 -0.0696447 -0.067716 0.170748 0.102467 -5.18441e-06
23.9615 0 0.293794 0 -0.0695238 -0.0675611 0.171962 0.102234 -5.19089e-06
23.9615 0 0.294795 0 -0.0694029 -0.0674062 0.173176 0.102002 -5.19738e-06
23.9615 0 0.295796 0 -0.069282 -0.0672513 0.17439 0.101769 -5.20386e-06
23.9615 0 0.296797 0 -0.0691611 -0.0670964 0.175604 0.101536 -5.21035e-06
23.9615 0 0.297798 0 -0.0690343 -0.0669311 0.176854 0.101257 -5.21798e-06
23.9615 0 0.298799 0 -0.0689071 -0.0667648 0.178106 0.100975 -5.22571e-06
23.9615 0 0.2998 0 -0.0687799 -0.0665986 0.179358 0.100692 -5.23345e-06
23.9615 0 0.300801 0 -0.0686526 -0.0664324 0.18061 0.10041 -5.24118e-06
23.9615 0 0.301802 0 -0.0685254 -0.0662662 0.181862 0.100127 -5.24891e-06
23.9615 0 0.302803 0 -0.0683982 -0.0661 0.183114 0.0998449 -5.25665e-06
23.9615 0 0.303804 0 -0.0682709 -0.0659337 0.184366 0.0995623 -5.26438e-06
23.9615 0 0.304805 0 -0.0681437 -0.0657675 0.185618 0.0992798 -5.27211e-06
23.9615 0 0.305806 0 -0.0680164 -0.0656013 0.18687 0.0989973 -5.27985e-06
23.9615 0 0.306807 0 -0.0678892 -0.0654351 0.188122 0.0987148 -5.28758e-06
23.9615 0 0.307808 0 -0.067762 -0.0652688 0.189374 0.0984323 -5.29531e-06
23.9615 0 0.308809 0 -0.0676347 -0.0651026 0.190626 0.0981498 -5.30305e-06
23.9615 0 0.30981 0 -0.0675075 -0.0649364 0.191878 0.0978672 -5.31078e-06
23.9615 0 0.310811 0 -0.0673803 -0.0647702 0.19313 0.0975847 -5.31851e-06
23.9615 0 0.311812 0 -0.067253 -0.064604 0.194382 0.0973022 -5.32625e-06
23.9615 0 0.312813 0 -0.0671245 -0.0644347 0.195659 0.0970021 -5.33404e-06
23.9615 0 0.313814 0 -0.066993 -0.0642589 0.196991 0.0966634 -5.34195e-06
23.9615 0 0.314815 0 -0.0668615 -0.064083 0.198323 0.0963247 -5.34987e-06
23.9615 0 0.315816 0 -0.06673 -0.0639071 0.199655 0.095986 -5.35779e-06
23.9615 0 0.316817 0 -0.0665985 -0.0637313 0.200987 0.0956473 -5.36571e-06
23.9615 0 0.317818 0 -0.066467 -0.0635554 0.202319 0.0953086 -5.37362e-06
23.9615 0 0.318819 0 -0.0663355 -0.0633795 0.203651 0.0949699 -5.38154e-06
23.9615 0 0.31982 0 -0.0662041 -0.0632037 0.204983 0.0946312 -5.38946e-06
23.9615 0 0.320821 0 -0.0660726 -0.0630278 0.206315 0.0942925 -5.39737e-06
23.9615 0 0.321822 0 -0.0659411 -0.062852 0.207647 0.0939538 -5.40529e-06
23.9615 0 0.322823 0 -0.0658096 -0.0626761 0.208979 0.093615 -5.41321e-06
23.9615 0 0.323824 0 -0.0656781 -0.0625002 0.210311 0.0932763 -5.42113e-06
23.9615 0 0.324825 0 -0.0655466 -0.0623244 0.211643 0.0929376 -5.42904e-06
23.9615 0 0.325826 0 -0.0654151 -0.0621485 0.212975 0.0925989 -5.43696e-06
23.9615 0 0.326827 0 -0.0652837 -0.0619727 0.214307 0.0922602 -5.44488e-06
23.9615 0 0.327828 0 -0.0651522 -0.0617968 0.215639 0.0919215 -5.4528e-06
23.9615 0 0.328829 0 -0.065019 -0.0616154 0.217072 0.0915384 -5.45985e-06
23.9615 0 0.32983 0 -0.064885 -0.0614317 0.218547 0.0911365 -5.46654e-06
23.9615 0 0.330831 0 -0.0647511 -0.0612479 0.220022 0.0907346 -5.47323e-06
23.9615 0 0.331832 0 -0.0646171 -0.0610642 0.221497 0.0903327 -5.47992e-06
23.9615 0 0.332833 0 -0.0644832 -0.0608804 0.222972 0.0899308 -5.4866e-06
23.9615 0 0.333834 0 -0.0643492 -0.0606967 0.224447 0.0895289 -5.49329e-06
23.9615 0 0.334835 0 -0.0642153 -0.0605129 0.225922 0.0891271 -5.49998e-06
23.9615 0 0.335836 0 -0.0640814 -0.0603292 0.227397 0.0887252 -5.50667e-06
23.9615 0 0.336837 0 -0.0639474 -0.0601455 0.228872 0.0883233 -5.51336e-06
23.9615 0 0.337838 0 -0.0638135 -0.0599617 0.230347 0.0879214 -5.52005e-06
23.9615 0 0.338839 0 -0.0636795 -0.059778 0.231822 0.0875195 -5.52674e-06
23.9615 0 0.33984 0 -0.0635456 -0.0595942 0.233297 0.0871176 -5.53342e-06
23.9615 0 0.340841 0 -0.0634117 -0.0594105 0.234772 0.0867157 -5.54011e-06
23.9615 0 0.341842 0 -0.0632777 -0.0592267 0.236247 0.0863139 -5.5468e-06
23.9615 0 0.342843 0 -0.0631438 -0.059043 0.237722 0.085912 -5.55349e-06
23.9615 0 0.343844 0 -0.0630097 -0.0588587 0.239219 0.0855035 -5.5599e-06
23.9615 0 0.344845 0 -0.0628748 -0.0586692 0.240927 0.0850319 -5.56363e-06
23.9615 0 0.345846 0 -0.0627399 -0.0584796 0.242635 0.0845603 -5.56735e-06
23.9615 0 0.346847 0 -0.0626049 -0.0582901 0.244344 0.0840887 -5.57107e-06
23.9615 0 0.347848 0 -0.06247 -0.0581006 0.246052 0.0836171 -5.5748e-06
23.9615 0 0.348849 0 -0.062335 -0.057911 0.247761 0.0831455 -5.57852e-06
23.9615 0 0.34985 0 -0.0622001 -0.0577215 0.249469 0.0826739 -5.58225e-06
23.9615 0 0.350851 0 -0.0620652 -0.0575319 0.251178 0.0822023 -5.58597e-06
23.9615 0 0.351852 0 -0.0619302 -0.0573424 0.252886 0.0817307 -5.5897e-06
23.9615 0 0.352853 0 -0.0617953 -0.0571529 0.254595 0.081259 -5.59342e-06
23.9615 0 0.353854 0 -0.0616603 -0.0569633 0.256303 0.0807874 -5.59715e-06
23.9615 0 0.354855 0 -0.0615254 -0.0567738 0.258012 0.0803158 -5.60087e-06
23.9615 0 0.355856 0 -0.0613905 -0.0565842 0.25972 0.0798442 -5.6046e-06
23.9615 0 0.356857 0 -0.0612555 -0.0563947 0.261428 0.0793726 -5.60832e-06
23.9615 0 0.357858 0 -0.0611206 -0.0562052 0.263137 0.078901 -5.61205e-06
23.9615 0 0.358859 0 -0.0609856 -0.0560156 0.264845 0.0784294 -5.61577e-06
23.9615 0 0.35986 0 -0.0608507 -0.0558246 0.266727 0.0779219 -5.61711e-06
23.9615 0 0.360861 0 -0.0607159 -0.0556322 0.268791 0.0773762 -5.61591e-06
23.9615 0 0.361862 0 -0.0605811 -0.0554397 0.270856 0.0768305 -5.6147e-06
23.9615 0 0.362863 0 -0.0604462 -0.0552472 0.272921 0.0762848 -5.6135e-06
23.9615 0 0.363864 0 -0.0603114 -0.0550547 0.274986 0.0757391 -5.61229e-06
23.9615 0 0.364865 0 -0.0601765 -0.0548622 0.277051 0.0751934 -5.61109e-06
23.9615 0 0.365866 0 -0.0600417 -0.0546697 0.279116 0.0746477 -5.60989e-06
23.9615 0 0.366867 0 -0.0599069 -0.0544773 0.281181 0.074102 -5.60868e-06
23.9615 0 0.367868 0 -0.059772 -0.0542848 0.283246 0.0735563 -5.60748e-06
23.9615 0 0.368869 0 -0.0596372 -0.0540923 0.285311 0.0730107 -5.60628e-06
23.9615 0 0.36987 0 -0.0595024 -0.0538998 0.287376 0.072465 -5.60507e-06
23.9615 0 0.370871 0 -0.0593675 -0.0537073 0.289441 0.0719193 -5.60387e-06
23.9615 0 0.371872 0 -0.0592327 -0.0535148 0.291506 0.0713736 -5.60267e-06
23.9615 0 0.372873 0 -0.0590978 -0.0533224 0.293571 0.0708279 -5.60146e-06
23.9615 0 0.373874 0 -0.058963 -0.0531299 0.295636 0.0702822 -5.60026e-06
23.9615 0 0.374875 0 -0.0588282 -0.0529374 0.297701 0.0697365 -5.59906e-06
23.9615 0 0.375876 0 -0.0586941 -0.052746 0.300215 0.0691265 -5.59177e-06
23.9615 0 0.376877 0 -0.0585602 -0.0525548 0.302793 0.0685073 -5.58361e-06
23.9615 0 0.377878 0 -0.0584262 -0.0523636 0.305372 0.0678881 -5.57545e-06
23.9615 0 0.378879 0 -0.0582923 -0.0521724 0.30795 0.0672689 -5.56729e-06
23.9615 0 0.37988 0 -0.0581584 -0.0519812 0.310528 0.0666497 -5.55914e-06
23.9615 0 0.380881 0 -0.0580244 -0.05179 0.313107 0.0660305 -5.55098e-06
23.9615 0 0.381882 0 -0.0578905 -0.0515988 0.315685 0.0654113 -5.54282e-06
23.9615 0 0.382883 0 -0.0577566 -0.0514076 0.318263 0.0647921 -5.53466e-06
23.9615 0 0.383884 0 -0.0576226 -0.0512164 0.320842 0.0641729 -5.52651e-06
23.9615 0 0.384885 0 -0.0574887 -0.0510252 0.32342 0.0635537 -5.51835e-06
23.9615 0 0.385886 0 -0.0573548 -0.0508341 0.325998 0.0629345 -5.51019e-06
23.9615 0 0.386887 0 -0.0572208 -0.0506429 0.328577 0.0623153 -5.50203e-06
23.9615 0 0.387888 0 -0.0570869 -0.0504517 0.331155 0.0616961 -5.49388e-06
23.9615 0 0.388889 0 -0.0569529 -0.0502605 0.333733 0.0610769 -5.48572e-06
23.9615 0 0.38989 0 -0.056819 -0.0500693 0.336312 0.0604577 -5.47756e-06
23.9615 0 0.390891 0 -0.0566855 -0.0498801 0.339075 0.0598214 -5.46706e-06
23.9615 0 0.391892 0 -0.0565531 -0.0496964 0.342351 0.059138 -5.45008e-06
23.9615 0 0.392893 0 -0.0564206 -0.0495127 0.345626 0.0584545 -5.4331e-06
23.9615 0 0.393894 0 -0.0562882 -0.049329 0.348902 0.0577711 -5.41612e-06
23.9615 0 0.394895 0 -0.0561558 -0.0491453 0.352177 0.0570876 -5.39915e-06
23.9615 0 0.395896 0 -0.0560234 -0.0489616 0.355453 0.0564042 -5.38217e-06
23.9615 0 0.396897 0 -0.055891 -0.0487779 0.358728 0.0557207 -5.36519e-06
23.9615 0 0.397898 0 -0.0557585 -0.0485942 0.362004 0.0550372 -5.34821e-06
23.9615 0 0.398899 0 -0.0556261 -0.0484106 0.365279 0.0543538 -5.33123e-06
23.9615 0 0.3999 0 -0.0554937 -0.0482269 0.368555 0.0536703 -5.31425e-06
23.9615 0 0.400901 0 -0.0553613 -0.0480432 0.37183 0.0529869 -5.29728e-06
23.9615 0 0.401902 0 -0.0552288 -0.0478595 0.375106 0.0523034 -5.2803e-06
23.9615 0 0.402903 0 -0.0550964 -0.0476758 0.378381 0.0516199 -5.26332e-06
23.9615 0 0.403904 0 -0.054964 -0.0474921 0.381657 0.0509365 -5.24634e-06
23.9615 0 0.404905 0 -0.0548316 -0.0473084 0.384932 0.050253 -5.22936e-06
23.9615 0 0.405906 0 -0.0546992 -0.0471247 0.388208 0.0495696 -5.21238e-06
23.9615 0 0.406907 0 -0.0545682 -0.0469516 0.392065 0.0488585 -5.18863e-06
23.9615 0 0.407908 0 -0.054438 -0.046784 0.396228 0.0481329 -5.16133e-06
23.9615 0 0.408909 0 -0.0543078 -0.0466164 0.400391 0.0474074 -5.13403e-06
23.9615 0 0.40991 0 -0.0541775 -0.0464488 0.404554 0.0466818 -5.10674e-06
23.9615 0 0.410911 0 -0.0540473 -0.0462812 0.408717 0.0459563 -5.07944e-06
23.9615 0 0.411912 0 -0.0539171 -0.0461135 0.412879 0.0452308 -5.05214e-06
23.9615 0 0.412913 0 -0.0537869 -0.0459459 0.417042 0.0445052 -5.02484e-06
23.9615 0 0.413914 0 -0.0536567 -0.0457783 0.421205 0.0437797 -4.99754e-06
23.9615 0 0.414915 0 -0.0535264 -0.0456107 0.425368 0.0430541 -4.97024e-06
23.9615 0 0.415916 0 -0.0533962 -0.0454431 0.429531 0.0423286 -4.94294e-06
23.9615 0 0.416917 0 -0.053266 -0.0452755 0.433693 0.041603 -4.91564e-06
23.9615 0 0.417918 0 -0.0531358 -0.0451079 0.437856 0.0408775 -4.88835e-06
23.9615 0 0.418919 0 -0.0530056 -0.0449403 0.442019 0.0401519 -4.86105e-06
23.9615 0 0.41992 0 -0.0528753 -0.0447726 0.446182 0.0394264 -4.83375e-06
23.9615 0 0.420921 0 -0.0527451 -0.044605 0.450345 0.0387008 -4.80645e-06
23.9615 0 0.421922 0 -0.0526151 -0.0444387 0.454556 0.0379751 -4.77862e-06
23.9615 0 0.422923 0 -0.0524884 -0.0442983 0.459764 0.0372458 -4.73997e-06
23.9615 0 0.423924 0 -0.0523617 -0.0441578 0.464971 0.0365164 -4.70131e-06
23.9615 0 0.424925 0 -0.0522349 -0.0440174 0.470179 0.0357871 -4.66266e-06
23.9615 0 0.425926 0 -0.0521082 -0.0438769 0.475386 0.0350578 -4.62401e-06
23.9615 0 0.426927 0 -0.0519815 -0.0437365 0.480594 0.0343284 -4.58536e-06
23.9615 0 0.427928 0 -0.0518548 -0.0435961 0.485801 0.0335991 -4.54671e-06
23.9615 0 0.428929 0 -0.0517281 -0.0434556 0.491009 0.0328698 -4.50805e-06
23.9615 0 0.42993 0 -0.0516014 -0.0433152 0.496216 0.0321404 -4.4694e-06
23.9615 0 0.430931 0 -0.0514747 -0.0431748 0.501424 0.0314111 -4.43075e-06
23.9615 0 0.431932 0 -0.051348 -0.0430343 0.506631 0.0306818 -4.3921e-06
23.9615 0 0.432933 0 -0.0512213 -0.0428939 0.511839 0.0299524 -4.35345e-06
23.9615 0 0.433934 0 -0.0510946 -0.0427534 0.517046 0.0292231 -4.31479e-06
23.9615 0 0.434935 0 -0.0509679 -0.042613 0.522254 0.0284938 -4.27614e-06
23.9615 0 0.435936 0 -0.0508412 -0.0424726 0.527461 0.0277644 -4.23749e-06
23.9615 0 0.436937 0 -0.0507145 -0.0423321 0.532669 0.0270351 -4.19884e-06
23.9615 0 0.437938 0 -0.0505902 -0.0422097 0.538362 0.0263283 -4.15496e-06
23.9615 0 0.438939 0 -0.0504688 -0.0421103 0.54468 0.0256506 -4.10435e-06
23.9615 0 0.43994 0 -0.0503474 -0.0420109 0.550998 0.0249728 -4.05374e-06
23.9615 0 0.440941 0 -0.0502261 -0.0419115 0.557315 0.024295 -4.00313e-06
23.9615 0 0.441942 0 -0.0501047 -0.0418122 0.563633 0.0236173 -3.95252e-06
23.9615 0 0.442943 0 -0.0499833 -0.0417128 0.569951 0.0229395 -3.90192e-06
23.9615 0 0.443944 0 -0.049862 -0.0416134 0.576269 0.0222617 -3.85131e-06
23.9615 0 0.444945 0 -0.0497406 -0.041514 0.582587 0.021584 -3.8007e-06
23.9615 0 0.445946 0 -0.0496193 -0.0414147 0.588904 0.0209062 -3.75009e-06
23.9615 0 0.446947 0 -0.0494979 -0.0413153 0.595222 0.0202284 -3.69948e-06
23.9615 0 0.447948 0 -0.0493765 -0.0412159 0.60154 0.0195507 -3.64887e-06
23.9615 0 0.448949 0 -0.0492552 -0.0411166 0.607858 0.0188729 -3.59827e-06
23.9615 0 0.44995 0 -0.0491338 -0.0410172 0.614175 0.0181952 -3.54766e-06
23.9615 0 0.450951 0 -0.0490124 -0.0409178 0.620493 0.0175174 -3.49705e-06
23.9615 0 0.451952 0 -0.0488911 -0.0408184 0.626811 0.0168396 -3.44644e-06
23.9615 0 0.452953 0 -0.0487697 -0.0407191 0.633129 0.0161619 -3.39583e-06
23.9615 0 0.453954 0 -0.0486518 -0.0406619 0.640284 0.0155888 -3.33519e-06
23.9615 0 0.454955 0 -0.0485345 -0.0406136 0.647612 0.0150374 -3.27247e-06
23.9615 0 0.455956 0 -0.0484173 -0.0405652 0.654941 0.0144859 -3.20975e-06
23.9615 0 0.456957 0 -0.0483 -0.0405169 0.66227 0.0139345 -3.14703e-06
23.9615 0 0.457958 0 -0.0481828 -0.0404685 0.669599 0.0133831 -3.08431e-06
23.9615 0 0.458959 0 -0.0480656 -0.0404201 0.676927 0.0128317 -3.02159e-06
23.9615 0 0.45996 0 -0.0479483 -0.0403718 0.684256 0.0122803 -2.95886e-06
23.9615 0 0.460961 0 -0.0478311 -0.0403234 0.691585 0.0117289 -2.89614e-06
23.9615 0 0.461962 0 -0.0477138 -0.0402751 0.698914 0.0111775 -2.83342e-06
23.9615 0 0.462963 0 -0.0475966 -0.0402267 0.706242 0.0106261 -2.7707e-06
23.9615 0 0.463964 0 -0.0474794 -0.0401783 0.713571 0.0100747 -2.70798e-06
23.9615 0 0.464965 0 -0.0473621 -0.04013 0.7209 0.00952331 -2.64526e-06
23.9615 0 0.465966 0 -0.0472449 -0.0400816 0.728229 0.0089719 -2.58253e-06
23.9615 0 0.466967 0 -0.0471277 -0.0400333 0.735557 0.0084205 -2.51981e-06
23.9615 0 0.467968 0 -0.0470104 -0.0399849 0.742886 0.0078691 -2.45709e-06
23.9615 0 0.468969 0 -0.0468942 -0.0399436 0.750363 0.0073642 -2.39193e-06
23.9615 0 0.46997 0 -0.0467817 -0.0399274 0.758371 0.00702539 -2.31806e-06
23.9615 0 0.470971 0 -0.0466691 -0.0399111 0.766378 0.00668657 -2.24419e-06
23.9615 0 0.471972 0 -0.0465566 -0.0398949 0.774385 0.00634775 -2.17032e-06
23.9615 0 0.472973 0 -0.0464441 -0.0398787 0.782392 0.00600894 -2.09645e-06
23.9615 0 0.473974 0 -0.0463316 -0.0398625 0.7904 0.00567012 -2.02258e-06
23.9615 0 0.474975 0 -0.046219 -0.0398463 0.798407 0.0053313 -1.94871e-06
23.9615 0 0.475976 0 -0.0461065 -0.03983 0.806414 0.00499248 -1.87484e-06
23.9615 0 0.476977 0 -0.045994 -0.0398138 0.814421 0.00465367 -1.80097e-06
23.9615 0 0.477978 0 -0.0458814 -0.0397976 0.822429 0.00431485 -1.7271e-06
23.9615 0 0.478979 0 -0.0457689 -0.0397814 0.830436 0.00397603 -1.65324e-06
23.9615 0 0.47998 0 -0.0456564 -0.0397652 0.838443 0.00363722 -1.57937e-06
23.9615 0 0.480981 0 -0.0455439 -0.039749 0.84645 0.0032984 -1.5055e-06
23.9615 0 0.481982 0 -0.0454313 -0.0397327 0.854458 0.00295958 -1.43163e-06
23.9615 0 0.482983 0 -0.0453188 -0.0397165 0.862465 0.00262077 -1.35776e-06
23.9615 0 0.483984 0 -0.0452063 -0.0397003 0.870472 0.00228195 -1.28389e-06
23.9615 0 0.484985 0 -0.0451292 -0.0396907 0.878534 0.00206569 -1.23097e-06
23.9615 0 0.485986 0 -0.0450748 -0.0396853 0.886632 0.00192797 -1.19147e-06
23.9615 0 0.486987 0 -0.0450203 -0.03968 0.89473 0.00179026 -1.15198e-06
23.9615 0 0.487988 0 -0.0449659 -0.0396746 0.902827 0.00165255 -1.11249e-06
23.9615 0 0.488989 0 -0.0449115 -0.0396693 0.910925 0.00151484 -1.073e-06
23.9615 0 0.48999 0 -0.0448571 -0.0396639 0.919023 0.00137712 -1.0335e-06
23.9615 0 0.490991 0 -0.0448027 -0.0396585 0.927121 0.00123941 -9.94011e-07
23.9615 0 0.491992 0 -0.0447483 -0.0396532 0.935218 0.0011017 -9.54518e-07
23.9615 0 0.492993 0 -0.0446939 -0.0396478 0.943316 0.000963986 -9.15025e-07
23.9615 0 0.493994 0 -0.0446395 -0.0396425 0.951414 0.000826274 -8.75533e-07
23.9615 0 0.494995 0 -0.0445851 -0.0396371 0.959511 0.000688562 -8.3604e-07
23.9615 0 0.495996 0 -0.0445307 -0.0396317 0.967609 0.000550849 -7.96547e-07
23.9615 0 0.496997 0 -0.0444763 -0.0396264 0.975707 0.000413137 -7.57055e-07
23.9615 0 0.497998 0 -0.0444219 -0.039621 0.983805 0.000275425 -7.17562e-07
23.9615 0 0.498999 0 -0.0443675 -0.0396156 0.991902 0.000137712 -6.78069e-07
