# 1:t 2:x 3:y 4:z 5:P 6:Pmac 7:U 8:V 9:DU
29.8423 -0.5 0 0 0.00639238 0.000727609 0 0 -1.08442e-08
29.8423 -0.498999 0 0 0.00638262 0.000736539 -4.12469e-05 0.00319862 -1.19592e-08
29.8423 -0.497998 0 0 0.00637285 0.00074547 -8.24937e-05 0.00639725 -1.30743e-08
29.8423 -0.496997 0 0 0.00636308 0.0007544 -0.000123741 0.00959587 -1.41893e-08
29.8423 -0.495996 0 0 0.00635332 0.000763331 -0.000164987 0.0127945 -1.53043e-08
29.8423 -0.494995 0 0 0.00634355 0.000772261 -0.000206234 0.0159931 -1.64193e-08
29.8423 -0.493994 0 0 0.00633379 0.000781191 -0.000247481 0.0191917 -1.75344e-08
29.8423 -0.492993 0 0 0.00632402 0.000790122 -0.000288728 0.0223904 -1.86494e-08
29.8423 -0.491992 0 0 0.00631426 0.000799052 -0.000329975 0.025589 -1.97644e-08
29.8423 -0.490991 0 0 0.00630449 0.000807982 -0.000371222 0.0287876 -2.08795e-08
29.8423 -0.48999 0 0 0.00629472 0.000816913 -0.000412469 0.0319862 -2.19945e-08
29.8423 -0.488989 0 0 0.00628496 0.000825843 -0.000453716 0.0351849 -2.31095e-08
29.8423 -0.487988 0 0 0.00627519 0.000834774 -0.000494962 0.0383835 -2.42246e-08
29.8423 -0.486987 0 0 0.00626543 0.000843704 -0.000536209 0.0415821 -2.53396e-08
29.8423 -0.485986 0 0 0.00625566 0.000852634 -0.000577456 0.0447807 -2.64546e-08
29.8423 -0.484985 0 0 0.0062459 0.000861565 -0.000618703 0.0479793 -2.75697e-08
29.8423 -0.483984 0 0 0.00623245 0.000874558 -0.000684978 0.0509803 -2.92554e-08
29.8423 -0.482983 0 0 0.00621325 0.000893888 -0.0007903 0.0536727 -3.18315e-08
29.8423 -0.481982 0 0 0.00619406 0.000913219 -0.000895622 0.0563652 -3.44075e-08
29.8423 -0.480981 0 0 0.00617486 0.000932549 -0.00100094 0.0590577 -3.69836e-08
29.8423 -0.47998 0 0 0.00615566 0.00095188 -0.00110627 0.0617502 -3.95596e-08
29.8423 -0.478979 0 0 0.00613647 0.00097121 -0.00121159 0.0644427 -4.21357e-08
29.8423 -0.477978 0 0 0.00611727 0.000990541 -0.00131691 0.0671352 -4.47118e-08
29.8423 -0.476977 0 0 0.00609808 0.00100987 -0.00142223 0.0698276 -4.72878e-08
29.8423 -0.475976 0 0 0.00607888 0.0010292 -0.00152756 0.0725201 -4.98639e-08
29.8423 -0.474975 0 0 0.00605968 0.00104853 -0.00163288 0.0752126 -5.244e-08
29.8423 -0.473974 0 0 0.00604049 0.00106786 -0.0017382 0.0779051 -5.5016e-08
29.8423 -0.472973 0 0 0.00602129 0.00108719 -0.00184352 0.0805976 -5.75921e-08
29.8423 -0.471972 0 0 0.0060021 0.00110652 -0.00194884 0.0832901 -6.01682e-08
29.8423 -0.470971 0 0 0.0059829 0.00112585 -0.00205417 0.0859825 -6.27442e-08
29.8423 -0.46997 0 0 0.0059637 0.00114518 -0.00215949 0.088675 -6.53203e-08
29.8423 -0.468969 0 0 0.00594451 0.00116452 -0.00226481 0.0913675 -6.78963e-08
29.8423 -0.467968 0 0 0.00592417 0.00118093 -0.00243011 0.0937052 -7.04429e-08
29.8423 -0.466967 0 0 0.00590352 0.00119653 -0.0026122 0.0959434 -7.29813e-08
29.8423 -0.465966 0 0 0.00588286 0.00121213 -0.0027943 0.0981817 -7.55196e-08
29.8423 -0.464965 0 0 0.00586221 0.00122773 -0.0029764 0.10042 -7.80579e-08
29.8423 -0.463964 0 0 0.00584156 0.00124333 -0.00315849 0.102658 -8.05962e-08
29.8423 -0.462963 0 0 0.0058209 0.00125893 -0.00334059 0.104897 -8.31346e-08
29.8423 -0.461962 0 0 0.00580025 0.00127453 -0.00352268 0.107135 -8.56729e-08
29.8423 -0.460961 0 0 0.00577959 0.00129012 -0.00370478 0.109373 -8.82112e-08
29.8423 -0.45996 0 0 0.00575894 0.00130572 -0.00388688 0.111611 -9.07496e-08
29.8423 -0.458959 0 0 0.00573828 0.00132132 -0.00406897 0.11385 -9.32879e-08
29.8423 -0.457958 0 0 0.00571763 0.00133692 -0.00425107 0.116088 -9.58262e-08
29.8423 -0.456957 0 0 0.00569697 0.00135252 -0.00443316 0.118326 -9.83646e-08
29.8423 -0.455956 0 0 0.00567632 0.00136812 -0.00461526 0.120565 -1.00903e-07
29.8423 -0.454955 0 0 0.00565567 0.00138372 -0.00479736 0.122803 -1.03441e-07
29.8423 -0.453954 0 0 0.00563501 0.00139932 -0.00497945 0.125041 -1.0598e-07
29.8423 -0.452953 0 0 0.00561343 0.0014129 -0.00517298 0.127211 -1.08342e-07
29.8423 -0.451952 0 0 0.00558736 0.00141679 -0.00542163 0.129052 -1.09859e-07
29.8423 -0.450951 0 0 0.0055613 0.00142068 -0.00567027 0.130893 -1.11375e-07
29.8423 -0.44995 0 0 0.00553523 0.00142456 -0.00591891 0.132734 -1.12891e-07
29.8423 -0.448949 0 0 0.00550917 0.00142845 -0.00616756 0.134575 -1.14407e-07
29.8423 -0.447948 0 0 0.0054831 0.00143233 -0.0064162 0.136416 -1.15924e-07
29.8423 -0.446947 0 0 0.00545704 0.00143622 -0.00666485 0.138257 -1.1744e-07
29.8423 -0.445946 0 0 0.00543097 0.0014401 -0.00691349 0.140098 -1.18956e-07
29.8423 -0.444945 0 0 0.00540491 0.00144399 -0.00716214 0.141939 -1.20473e-07
29.8423 -0.443944 0 0 0.00537884 0.00144787 -0.00741078 0.14378 -1.21989e-07
29.8423 -0.442943 0 0 0.00535278 0.00145176 -0.00765942 0.145621 -1.23505e-07
29.8423 -0.441942 0 0 0.00532671 0.00145565 -0.00790807 0.147462 -1.25022e-07
29.8423 -0.440941 0 0 0.00530064 0.00145953 -0.00815671 0.149303 -1.26538e-07
29.8423 -0.43994 0 0 0.00527458 0.00146342 -0.00840536 0.151144 -1.28054e-07
29.8423 -0.438939 0 0 0.00524851 0.0014673 -0.008654 0.152985 -1.2957e-07
29.8423 -0.437938 0 0 0.00522245 0.00147119 -0.00890265 0.154826 -1.31087e-07
29.8423 -0.436937 0 0 0.00519173 0.00146725 -0.00918414 0.156478 -1.3192e-07
29.8423 -0.435936 0 0 0.0051574 0.00145722 -0.0094912 0.157982 -1.32223e-07
29.8423 -0.434935 0 0 0.00512307 0.00144719 -0.00979826 0.159486 -1.32525e-07
29.8423 -0.433934 0 0 0.00508873 0.00143716 -0.0101053 0.16099 -1.32828e-07
29.8423 -0.432933 0 0 0.0050544 0.00142713 -0.0104124 0.162494 -1.3313e-07
29.8423 -0.431932 0 0 0.00502007 0.0014171 -0.0107194 0.163998 -1.33433e-07
29.8423 -0.430931 0 0 0.00498574 0.00140707 -0.0110265 0.165502 -1.33735e-07
29.8423 -0.42993 0 0 0.0049514 0.00139704 -0.0113335 0.167006 -1.34038e-07
29.8423 -0.428929 0 0 0.00491707 0.00138701 -0.0116406 0.16851 -1.3434e-07
29.8423 -0.427928 0 0 0.00488274 0.00137699 -0.0119477 0.170014 -1.34643e-07
29.8423 -0.426927 0 0 0.0048484 0.00136696 -0.0122547 0.171518 -1.34945e-07
29.8423 -0.425926 0 0 0.00481407 0.00135693 -0.0125618 0.173022 -1.35248e-07
29.8423 -0.424925 0 0 0.00477974 0.0013469 -0.0128688 0.174526 -1.3555e-07
29.8423 -0.423924 0 0 0.0047454 0.00133687 -0.0131759 0.17603 -1.35853e-07
29.8423 -0.422923 0 0 0.00471107 0.00132684 -0.0134829 0.177534 -1.36155e-07
29.8423 -0.421922 0 0 0.00467674 0.00131681 -0.01379 0.179038 -1.36458e-07
29.8423 -0.420921 0 0 0.00463265 0.00129191 -0.0141441 0.180278 -1.35887e-07
29.8423 -0.41992 0 0 0.00458808 0.00126628 -0.0145006 0.181505 -1.35273e-07
29.8423 -0.418919 0 0 0.00454351 0.00124065 -0.0148571 0.182731 -1.34659e-07
29.8423 -0.417918 0 0 0.00449894 0.00121503 -0.0152136 0.183958 -1.34045e-07
29.8423 -0.416917 0 0 0.00445437 0.0011894 -0.0155701 0.185185 -1.33431e-07
29.8423 -0.415916 0 0 0.00440979 0.00116377 -0.0159265 0.186412 -1.32817e-07
29.8423 -0.414915 0 0 0.00436522 0.00113814 -0.016283 0.187639 -1.32203e-07
29.8423 -0.413914 0 0 0.00432065 0.00111251 -0.0166395 0.188866 -1.31589e-07
29.8423 -0.412913 0 0 0.00427608 0.00108688 -0.016996 0.190093 -1.30976e-07
29.8423 -0.411912 0 0 0.00423151 0.00106125 -0.0173524 0.19132 -1.30362e-07
29.8423 -0.410911 0 0 0.00418694 0.00103562 -0.0177089 0.192547 -1.29748e-07
29.8423 -0.40991 0 0 0.00414237 0.00100999 -0.0180654 0.193774 -1.29134e-07
29.8423 -0.408909 0 0 0.0040978 0.000984361 -0.0184219 0.195001 -1.2852e-07
29.8423 -0.407908 0 0 0.00405323 0.000958732 -0.0187783 0.196227 -1.27906e-07
29.8423 -0.406907 0 0 0.00400866 0.000933102 -0.0191348 0.197454 -1.27292e-07
29.8423 -0.405906 0 0 0.00395997 0.00090168 -0.0195049 0.198605 -1.26556e-07
29.8423 -0.404905 0 0 0.00390343 0.000859195 -0.0199008 0.19961 -1.25586e-07
29.8423 -0.403904 0 0 0.0038469 0.000816709 -0.0202967 0.200615 -1.24616e-07
29.8423 -0.402903 0 0 0.00379036 0.000774223 -0.0206926 0.201619 -1.23647e-07
29.8423 -0.401902 0 0 0.00373382 0.000731738 -0.0210885 0.202624 -1.22677e-07
29.8423 -0.400901 0 0 0.00367728 0.000689252 -0.0214844 0.203629 -1.21707e-07
29.8423 -0.3999 0 0 0.00362074 0.000646766 -0.0218803 0.204634 -1.20737e-07
29.8423 -0.398899 0 0 0.0035642 0.000604281 -0.0222762 0.205639 -1.19768e-07
29.8423 -0.397898 0 0 0.00350766 0.000561795 -0.0226721 0.206644 -1.18798e-07
29.8423 -0.396897 0 0 0.00345112 0.000519309 -0.023068 0.207649 -1.17828e-07
29.8423 -0.395896 0 0 0.00339458 0.000476824 -0.0234639 0.208653 -1.16859e-07
29.8423 -0.394895 0 0 0.00333804 0.000434338 -0.0238598 0.209658 -1.15889e-07
29.8423 -0.393894 0 0 0.0032815 0.000391852 -0.0242557 0.210663 -1.14919e-07
29.8423 -0.392893 0 0 0.00322496 0.000349367 -0.0246516 0.211668 -1.1395e-07
29.8423 -0.391892 0 0 0.00316842 0.000306881 -0.0250475 0.212673 -1.1298e-07
29.8423 -0.390891 0 0 0.00311188 0.000264395 -0.0254434 0.213678 -1.1201e-07
29.8423 -0.38989 0 0 0.0030455 0.00020902 -0.025861 0.214554 -1.11272e-07
29.8423 -0.388889 0 0 0.00297556 0.00014898 -0.0262865 0.215383 -1.10618e-07
29.8423 -0.387888 0 0 0.00290562 8.89401e-05 -0.026712 0.216213 -1.09965e-07
29.8423 -0.386887 0 0 0.00283568 2.89001e-05 -0.0271376 0.217042 -1.09311e-07
29.8423 -0.385886 0 0 0.00276574 -3.11399e-05 -0.0275631 0.217872 -1.08657e-07
29.8423 -0.384885 0 0 0.0026958 -9.11799e-05 -0.0279886 0.218702 -1.08003e-07
29.8423 -0.383884 0 0 0.00262585 -0.00015122 -0.0284141 0.219531 -1.07349e-07
29.8423 -0.382883 0 0 0.00255591 -0.00021126 -0.0288396 0.220361 -1.06695e-07
29.8423 -0.381882 0 0 0.00248597 -0.0002713 -0.0292651 0.22119 -1.06041e-07
29.8423 -0.380881 0 0 0.00241603 -0.00033134 -0.0296906 0.22202 -1.05387e-07
29.8423 -0.37988 0 0 0.00234609 -0.00039138 -0.0301161 0.222849 -1.04733e-07
29.8423 -0.378879 0 0 0.00227615 -0.00045142 -0.0305416 0.223679 -1.0408e-07
29.8423 -0.377878 0 0 0.00220621 -0.00051146 -0.0309672 0.224509 -1.03426e-07
29.8423 -0.376877 0 0 0.00213627 -0.0005715 -0.0313927 0.225338 -1.02772e-07
29.8423 -0.375876 0 0 0.00206632 -0.00063154 -0.0318182 0.226168 -1.02118e-07
29.8423 -0.374875 0 0 0.00199457 -0.000693816 -0.0322463 0.22698 -1.01586e-07
29.8423 -0.373874 0 0 0.00191007 -0.000771766 -0.0326924 0.227671 -1.01906e-07
29.8423 -0.372873 0 0 0.00182557 -0.000849715 -0.0331385 0.228362 -1.02227e-07
29.8423 -0.371872 0 0 0.00174108 -0.000927664 -0.0335846 0.229053 -1.02548e-07
29.8423 -0.370871 0 0 0.00165658 -0.00100561 -0.0340307 0.229743 -1.02869e-07
29.8423 -0.36987 0 0 0.00157209 -0.00108356 -0.0344768 0.230434 -1.0319e-07
29.8423 -0.368869 0 0 0.00148759 -0.00116151 -0.034923 0.231125 -1.03511e-07
29.8423 -0.367868 0 0 0.0014031 -0.00123946 -0.0353691 0.231816 -1.03831e-07
29.8423 -0.366867 0 0 0.0013186 -0.00131741 -0.0358152 0.232507 -1.04152e-07
29.8423 -0.365866 0 0 0.00123411 -0.00139536 -0.0362613 0.233198 -1.04473e-07
29.8423 -0.364865 0 0 0.00114961 -0.00147331 -0.0367074 0.233889 -1.04794e-07
29.8423 -0.363864 0 0 0.00106511 -0.00155126 -0.0371535 0.23458 -1.05115e-07
29.8423 -0.362863 0 0 0.000980619 -0.00162921 -0.0375997 0.235271 -1.05435e-07
29.8423 -0.361862 0 0 0.000896124 -0.00170716 -0.0380458 0.235962 -1.05756e-07
29.8423 -0.360861 0 0 0.000811628 -0.00178511 -0.0384919 0.236652 -1.06077e-07
29.8423 -0.35986 0 0 0.000727133 -0.00186306 -0.038938 0.237343 -1.06398e-07
29.8423 -0.358859 0 0 0.00063466 -0.00195032 -0.0393907 0.237976 -1.07513e-07
29.8423 -0.357858 0 0 0.000534688 -0.00204635 -0.0398495 0.238554 -1.09376e-07
29.8423 -0.356857 0 0 0.000434717 -0.00214237 -0.0403083 0.239133 -1.11238e-07
29.8423 -0.355856 0 0 0.000334746 -0.00223839 -0.0407671 0.239711 -1.13101e-07
29.8423 -0.354855 0 0 0.000234775 -0.00233442 -0.041226 0.240289 -1.14963e-07
29.8423 -0.353854 0 0 0.000134803 -0.00243044 -0.0416848 0.240867 -1.16826e-07
29.8423 -0.352853 0 0 3.4832e-05 -0.00252647 -0.0421436 0.241445 -1.18688e-07
29.8423 -0.351852 0 0 -6.51393e-05 -0.00262249 -0.0426024 0.242024 -1.20551e-07
29.8423 -0.350851 0 0 -0.000165111 -0.00271852 -0.0430612 0.242602 -1.22413e-07
29.8423 -0.34985 0 0 -0.000265082 -0.00281454 -0.0435201 0.24318 -1.24276e-07
29.8423 -0.348849 0 0 -0.000365053 -0.00291056 -0.0439789 0.243758 -1.26138e-07
29.8423 -0.347848 0 0 -0.000465024 -0.00300659 -0.0444377 0.244336 -1.28001e-07
29.8423 -0.346847 0 0 -0.000564996 -0.00310261 -0.0448965 0.244915 -1.29863e-07
29.8423 -0.345846 0 0 -0.000664967 -0.00319864 -0.0453554 0.245493 -1.31726e-07
29.8423 -0.344845 0 0 -0.000764938 -0.00329466 -0.0458142 0.246071 -1.33588e-07
29.8423 -0.343844 0 0 -0.00086491 -0.00339069 -0.046273 0.246649 -1.35451e-07
29.8423 -0.342843 0 0 -0.000979547 -0.00350313 -0.0467372 0.24714 -1.39107e-07
29.8423 -0.341842 0 0 -0.00109571 -0.00361727 -0.047202 0.247621 -1.42949e-07
29.8423 -0.340841 0 0 -0.00121186 -0.00373142 -0.0476668 0.248103 -1.46791e-07
29.8423 -0.33984 0 0 -0.00132802 -0.00384556 -0.0481316 0.248585 -1.50633e-07
29.8423 -0.338839 0 0 -0.00144418 -0.00395971 -0.0485964 0.249066 -1.54475e-07
29.8423 -0.337838 0 0 -0.00156034 -0.00407385 -0.0490612 0.249548 -1.58317e-07
29.8423 -0.336837 0 0 -0.00167649 -0.00418799 -0.049526 0.25003 -1.62158e-07
29.8423 -0.335836 0 0 -0.00179265 -0.00430214 -0.0499908 0.250511 -1.66e-07
29.8423 -0.334835 0 0 -0.00190881 -0.00441628 -0.0504557 0.250993 -1.69842e-07
29.8423 -0.333834 0 0 -0.00202497 -0.00453043 -0.0509205 0.251474 -1.73684e-07
29.8423 -0.332833 0 0 -0.00214112 -0.00464457 -0.0513853 0.251956 -1.77526e-07
29.8423 -0.331832 0 0 -0.00225728 -0.00475872 -0.0518501 0.252438 -1.81368e-07
29.8423 -0.330831 0 0 -0.00237344 -0.00487286 -0.0523149 0.252919 -1.8521e-07
29.8423 -0.32983 0 0 -0.0024896 -0.00498701 -0.0527797 0.253401 -1.89052e-07
29.8423 -0.328829 0 0 -0.00260576 -0.00510115 -0.0532445 0.253883 -1.92894e-07
29.8423 -0.327828 0 0 -0.00272686 -0.00522065 -0.0537094 0.254338 -1.97412e-07
29.8423 -0.326827 0 0 -0.0028597 -0.00535285 -0.0541745 0.254731 -2.03534e-07
29.8423 -0.325826 0 0 -0.00299253 -0.00548505 -0.0546396 0.255124 -2.09656e-07
29.8423 -0.324825 0 0 -0.00312536 -0.00561726 -0.0551048 0.255517 -2.15777e-07
29.8423 -0.323824 0 0 -0.0032582 -0.00574946 -0.0555699 0.25591 -2.21899e-07
29.8423 -0.322823 0 0 -0.00339103 -0.00588166 -0.0560351 0.256303 -2.28021e-07
29.8423 -0.321822 0 0 -0.00352387 -0.00601386 -0.0565002 0.256696 -2.34142e-07
29.8423 -0.320821 0 0 -0.0036567 -0.00614606 -0.0569653 0.257089 -2.40264e-07
29.8423 -0.31982 0 0 -0.00378954 -0.00627826 -0.0574305 0.257481 -2.46385e-07
29.8423 -0.318819 0 0 -0.00392237 -0.00641046 -0.0578956 0.257874 -2.52507e-07
29.8423 -0.317818 0 0 -0.00405521 -0.00654266 -0.0583608 0.258267 -2.58629e-07
29.8423 -0.316817 0 0 -0.00418804 -0.00667486 -0.0588259 0.25866 -2.6475e-07
29.8423 -0.315816 0 0 -0.00432088 -0.00680706 -0.059291 0.259053 -2.70872e-07
29.8423 -0.314815 0 0 -0.00445371 -0.00693927 -0.0597562 0.259446 -2.76994e-07
29.8423 -0.313814 0 0 -0.00458654 -0.00707147 -0.0602213 0.259839 -2.83115e-07
29.8423 -0.312813 0 0 -0.00471938 -0.00720367 -0.0606865 0.260232 -2.89237e-07
29.8423 -0.311812 0 0 -0.00486384 -0.00734814 -0.0611486 0.260565 -2.97043e-07
29.8423 -0.310811 0 0 -0.00501359 -0.00749819 -0.0616093 0.260871 -3.05614e-07
29.8423 -0.30981 0 0 -0.00516334 -0.00764824 -0.0620701 0.261177 -3.14186e-07
29.8423 -0.308809 0 0 -0.00531309 -0.00779829 -0.0625308 0.261483 -3.22758e-07
29.8423 -0.307808 0 0 -0.00546283 -0.00794834 -0.0629916 0.261789 -3.3133e-07
29.8423 -0.306807 0 0 -0.00561258 -0.00809839 -0.0634524 0.262095 -3.39902e-07
29.8423 -0.305806 0 0 -0.00576233 -0.00824844 -0.0639131 0.262401 -3.48474e-07
29.8423 -0.304805 0 0 -0.00591208 -0.00839849 -0.0643739 0.262707 -3.57045e-07
29.8423 -0.303804 0 0 -0.00606183 -0.00854854 -0.0648346 0.263013 -3.65617e-07
29.8423 -0.302803 0 0 -0.00621158 -0.00869859 -0.0652954 0.263319 -3.74189e-07
29.8423 -0.301802 0 0 -0.00636133 -0.00884864 -0.0657561 0.263625 -3.82761e-07
29.8423 -0.300801 0 0 -0.00651108 -0.0089987 -0.0662169 0.263931 -3.91333e-07
29.8423 -0.2998 0 0 -0.00666083 -0.00914875 -0.0666776 0.264237 -3.99905e-07
29.8423 -0.298799 0 0 -0.00681058 -0.0092988 -0.0671384 0.264542 -4.08477e-07
29.8423 -0.297798 0 0 -0.00696033 -0.00944885 -0.0675991 0.264848 -4.17048e-07
29.8423 -0.296797 0 0 -0.00711139 -0.00960026 -0.0680592 0.265147 -4.25815e-07
29.8423 -0.295796 0 0 -0.00727799 -0.00976775 -0.0685116 0.265364 -4.36892e-07
29.8423 -0.294795 0 0 -0.0074446 -0.00993524 -0.0689639 0.26558 -4.47968e-07
29.8423 -0.293794 0 0 -0.0076112 -0.0101027 -0.0694163 0.265797 -4.59044e-07
29.8423 -0.292793 0 0 -0.0077778 -0.0102702 -0.0698686 0.266013 -4.70121e-07
29.8423 -0.291792 0 0 -0.00794441 -0.0104377 -0.070321 0.266229 -4.81197e-07
29.8423 -0.290791 0 0 -0.00811101 -0.0106052 -0.0707734 0.266446 -4.92274e-07
29.8423 -0.28979 0 0 -0.00827762 -0.0107727 -0.0712257 0.266662 -5.0335e-07
29.8423 -0.288789 0 0 -0.00844422 -0.0109402 -0.0716781 0.266879 -5.14426e-07
29.8423 -0.287788 0 0 -0.00861083 -0.0111077 -0.0721304 0.267095 -5.25503e-07
29.8423 -0.286787 0 0 -0.00877743 -0.0112751 -0.0725828 0.267311 -5.36579e-07
29.8423 -0.285786 0 0 -0.00894403 -0.0114426 -0.0730351 0.267528 -5.47655e-07
29.8423 -0.284785 0 0 -0.00911064 -0.0116101 -0.0734875 0.267744 -5.58732e-07
29.8423 -0.283784 0 0 -0.00927724 -0.0117776 -0.0739398 0.267961 -5.69808e-07
29.8423 -0.282783 0 0 -0.00944385 -0.0119451 -0.0743922 0.268177 -5.80884e-07
29.8423 -0.281782 0 0 -0.00961045 -0.0121126 -0.0748446 0.268394 -5.91961e-07
29.8423 -0.280781 0 0 -0.00978476 -0.0122879 -0.0752914 0.268566 -6.04188e-07
29.8423 -0.27978 0 0 -0.00996781 -0.0124722 -0.0757319 0.268688 -6.1772e-07
29.8423 -0.278779 0 0 -0.0101509 -0.0126564 -0.0761724 0.26881 -6.31252e-07
29.8423 -0.277778 0 0 -0.0103339 -0.0128406 -0.0766129 0.268932 -6.44784e-07
29.8423 -0.276777 0 0 -0.010517 -0.0130249 -0.0770534 0.269054 -6.58316e-07
29.8423 -0.275776 0 0 -0.0107 -0.0132091 -0.0774939 0.269176 -6.71849e-07
29.8423 -0.274775 0 0 -0.0108831 -0.0133934 -0.0779344 0.269298 -6.85381e-07
29.8423 -0.273774 0 0 -0.0110661 -0.0135776 -0.0783749 0.26942 -6.98913e-07
29.8423 -0.272773 0 0 -0.0112492 -0.0137618 -0.0788154 0.269542 -7.12445e-07
29.8423 -0.271772 0 0 -0.0114322 -0.0139461 -0.0792559 0.269664 -7.25977e-07
29.8423 -0.270771 0 0 -0.0116153 -0.0141303 -0.0796964 0.269786 -7.39509e-07
29.8423 -0.26977 0 0 -0.0117983 -0.0143145 -0.0801369 0.269908 -7.53041e-07
29.8423 -0.268769 0 0 -0.0119814 -0.0144988 -0.0805774 0.27003 -7.66574e-07
29.8423 -0.267768 0 0 -0.0121645 -0.014683 -0.0810179 0.270152 -7.80106e-07
29.8423 -0.266767 0 0 -0.0123475 -0.0148673 -0.0814584 0.270274 -7.93638e-07
29.8423 -0.265766 0 0 -0.0125306 -0.0150515 -0.081899 0.270396 -8.0717e-07
29.8423 -0.264765 0 0 -0.0127271 -0.0152492 -0.0823267 0.270432 -8.22691e-07
29.8423 -0.263764 0 0 -0.0129258 -0.0154492 -0.0827523 0.270453 -8.38538e-07
29.8423 -0.262763 0 0 -0.0131245 -0.0156491 -0.083178 0.270475 -8.54385e-07
29.8423 -0.261762 0 0 -0.0133232 -0.0158491 -0.0836036 0.270497 -8.70232e-07
29.8423 -0.260761 0 0 -0.0135219 -0.0160491 -0.0840292 0.270519 -8.86079e-07
29.8423 -0.25976 0 0 -0.0137206 -0.016249 -0.0844549 0.270541 -9.01925e-07
29.8423 -0.258759 0 0 -0.0139193 -0.016449 -0.0848805 0.270563 -9.17772e-07
29.8423 -0.257758 0 0 -0.014118 -0.0166489 -0.0853062 0.270584 -9.33619e-07
29.8423 -0.256757 0 0 -0.0143167 -0.0168489 -0.0857318 0.270606 -9.49466e-07
29.8423 -0.255756 0 0 -0.0145154 -0.0170488 -0.0861574 0.270628 -9.65313e-07
29.8423 -0.254755 0 0 -0.0147141 -0.0172488 -0.0865831 0.27065 -9.8116e-07
29.8423 -0.253754 0 0 -0.0149128 -0.0174487 -0.0870087 0.270672 -9.97007e-07
29.8423 -0.252753 0 0 -0.0151115 -0.0176487 -0.0874344 0.270693 -1.01285e-06
29.8423 -0.251752 0 0 -0.0153103 -0.0178486 -0.08786 0.270715 -1.0287e-06
29.8423 -0.250751 0 0 -0.015509 -0.0180486 -0.0882856 0.270737 -1.04455e-06
29.8423 -0.24975 0 0 -0.0157113 -0.0182521 -0.0887069 0.270732 -1.06092e-06
29.8423 -0.248749 0 0 -0.0159244 -0.0184664 -0.089115 0.270649 -1.07885e-06
29.8423 -0.247748 0 0 -0.0161376 -0.0186806 -0.0895232 0.270565 -1.09679e-06
29.8423 -0.246747 0 0 -0.0163507 -0.0188948 -0.0899313 0.270481 -1.11473e-06
29.8423 -0.245746 0 0 -0.0165638 -0.0191091 -0.0903395 0.270397 -1.13266e-06
29.8423 -0.244745 0 0 -0.016777 -0.0193233 -0.0907476 0.270313 -1.1506e-06
29.8423 -0.243744 0 0 -0.0169901 -0.0195376 -0.0911557 0.270229 -1.16854e-06
29.8423 -0.242743 0 0 -0.0172033 -0.0197518 -0.0915639 0.270145 -1.18647e-06
29.8423 -0.241742 0 0 -0.0174164 -0.019966 -0.091972 0.270061 -1.20441e-06
29.8423 -0.240741 0 0 -0.0176296 -0.0201803 -0.0923801 0.269977 -1.22235e-06
29.8423 -0.23974 0 0 -0.0178427 -0.0203945 -0.0927883 0.269894 -1.24029e-06
29.8423 -0.238739 0 0 -0.0180559 -0.0206088 -0.0931964 0.26981 -1.25822e-06
29.8423 -0.237738 0 0 -0.018269 -0.020823 -0.0936045 0.269726 -1.27616e-06
29.8423 -0.236737 0 0 -0.0184821 -0.0210373 -0.0940127 0.269642 -1.2941e-06
29.8423 -0.235736 0 0 -0.0186953 -0.0212515 -0.0944208 0.269558 -1.31203e-06
29.8423 -0.234735 0 0 -0.0189084 -0.0214657 -0.094829 0.269474 -1.32997e-06
29.8423 -0.233734 0 0 -0.0191298 -0.021688 -0.0952244 0.26932 -1.34905e-06
29.8423 -0.232733 0 0 -0.0193557 -0.0219146 -0.0956128 0.269126 -1.36878e-06
29.8423 -0.231732 0 0 -0.0195816 -0.0221413 -0.0960012 0.268932 -1.38851e-06
29.8423 -0.230731 0 0 -0.0198076 -0.022368 -0.0963895 0.268738 -1.40823e-06
29.8423 -0.22973 0 0 -0.0200335 -0.0225947 -0.0967779 0.268543 -1.42796e-06
29.8423 -0.228729 0 0 -0.0202594 -0.0228214 -0.0971663 0.268349 -1.44769e-06
29.8423 -0.227728 0 0 -0.0204853 -0.0230481 -0.0975547 0.268155 -1.46741e-06
29.8423 -0.226727 0 0 -0.0207113 -0.0232748 -0.097943 0.267961 -1.48714e-06
29.8423 -0.225726 0 0 -0.0209372 -0.0235015 -0.0983314 0.267767 -1.50687e-06
29.8423 -0.224725 0 0 -0.0211631 -0.0237281 -0.0987198 0.267573 -1.5266e-06
29.8423 -0.223724 0 0 -0.0213891 -0.0239548 -0.0991081 0.267379 -1.54632e-06
29.8423 -0.222723 0 0 -0.021615 -0.0241815 -0.0994965 0.267185 -1.56605e-06
29.8423 -0.221722 0 0 -0.0218409 -0.0244082 -0.0998849 0.266991 -1.58578e-06
29.8423 -0.220721 0 0 -0.0220669 -0.0246349 -0.100273 0.266797 -1.6055e-06
29.8423 -0.21972 0 0 -0.0222928 -0.0248616 -0.100662 0.266603 -1.62523e-06
29.8423 -0.218719 0 0 -0.0225191 -0.0250886 -0.101049 0.266405 -1.645e-06
29.8423 -0.217718 0 0 -0.0227557 -0.0253255 -0.101416 0.266098 -1.66615e-06
29.8423 -0.216717 0 0 -0.0229924 -0.0255623 -0.101783 0.265791 -1.68731e-06
29.8423 -0.215716 0 0 -0.023229 -0.0257992 -0.10215 0.265484 -1.70846e-06
29.8423 -0.214715 0 0 -0.0234656 -0.0260361 -0.102516 0.265177 -1.72961e-06
29.8423 -0.213714 0 0 -0.0237023 -0.026273 -0.102883 0.26487 -1.75076e-06
29.8423 -0.212713 0 0 -0.0239389 -0.0265098 -0.10325 0.264563 -1.77191e-06
29.8423 -0.211712 0 0 -0.0241756 -0.0267467 -0.103616 0.264256 -1.79307e-06
29.8423 -0.210711 0 0 -0.0244122 -0.0269836 -0.103983 0.263949 -1.81422e-06
29.8423 -0.20971 0 0 -0.0246489 -0.0272205 -0.10435 0.263642 -1.83537e-06
29.8423 -0.208709 0 0 -0.0248855 -0.0274574 -0.104717 0.263335 -1.85652e-06
29.8423 -0.207708 0 0 -0.0251222 -0.0276942 -0.105083 0.263028 -1.87768e-06
29.8423 -0.206707 0 0 -0.0253588 -0.0279311 -0.10545 0.262721 -1.89883e-06
29.8423 -0.205706 0 0 -0.0255955 -0.028168 -0.105817 0.262414 -1.91998e-06
29.8423 -0.204705 0 0 -0.0258321 -0.0284049 -0.106184 0.262106 -1.94113e-06
29.8423 -0.203704 0 0 -0.0260688 -0.0286417 -0.10655 0.261799 -1.96228e-06
29.8423 -0.202703 0 0 -0.0263089 -0.0288818 -0.106907 0.261444 -1.98386e-06
29.8423 -0.201702 0 0 -0.0265538 -0.0291262 -0.107251 0.261023 -2.00602e-06
29.8423 -0.200701 0 0 -0.0267987 -0.0293707 -0.107595 0.260602 -2.02818e-06
29.8423 -0.1997 0 0 -0.0270436 -0.0296151 -0.107938 0.260181 -2.05034e-06
29.8423 -0.198699 0 0 -0.0272885 -0.0298596 -0.108282 0.25976 -2.07251e-06
29.8423 -0.197698 0 0 -0.0275334 -0.030104 -0.108626 0.259339 -2.09467e-06
29.8423 -0.196697 0 0 -0.0277783 -0.0303484 -0.108969 0.258918 -2.11683e-06
29.8423 -0.195696 0 0 -0.0280232 -0.0305929 -0.109313 0.258497 -2.13899e-06
29.8423 -0.194695 0 0 -0.0282681 -0.0308373 -0.109657 0.258076 -2.16115e-06
29.8423 -0.193694 0 0 -0.028513 -0.0310817 -0.110001 0.257655 -2.18331e-06
29.8423 -0.192693 0 0 -0.0287579 -0.0313262 -0.110344 0.257234 -2.20547e-06
29.8423 -0.191692 0 0 -0.0290029 -0.0315706 -0.110688 0.256814 -2.22763e-06
29.8423 -0.190691 0 0 -0.0292478 -0.0318151 -0.111032 0.256393 -2.24979e-06
29.8423 -0.18969 0 0 -0.0294927 -0.0320595 -0.111375 0.255972 -2.27195e-06
29.8423 -0.188689 0 0 -0.0297376 -0.0323039 -0.111719 0.255551 -2.29411e-06
29.8423 -0.187688 0 0 -0.0299825 -0.0325484 -0.112063 0.25513 -2.31628e-06
29.8423 -0.186687 0 0 -0.0302318 -0.0327966 -0.112387 0.254617 -2.33889e-06
29.8423 -0.185686 0 0 -0.0304822 -0.0330456 -0.112707 0.254083 -2.36161e-06
29.8423 -0.184685 0 0 -0.0307326 -0.0332947 -0.113026 0.25355 -2.38433e-06
29.8423 -0.183684 0 0 -0.0309829 -0.0335437 -0.113346 0.253016 -2.40704e-06
29.8423 -0.182683 0 0 -0.0312333 -0.0337928 -0.113666 0.252482 -2.42976e-06
29.8423 -0.181682 0 0 -0.0314837 -0.0340418 -0.113986 0.251949 -2.45248e-06
29.8423 -0.180681 0 0 -0.0317341 -0.0342909 -0.114305 0.251415 -2.4752e-06
29.8423 -0.17968 0 0 -0.0319844 -0.0345399 -0.114625 0.250881 -2.49792e-06
29.8423 -0.178679 0 0 -0.0322348 -0.034789 -0.114945 0.250348 -2.52063e-06
29.8423 -0.177678 0 0 -0.0324852 -0.0350381 -0.115264 0.249814 -2.54335e-06
29.8423 -0.176677 0 0 -0.0327356 -0.0352871 -0.115584 0.24928 -2.56607e-06
29.8423 -0.175676 0 0 -0.0329859 -0.0355362 -0.115904 0.248747 -2.58879e-06
29.8423 -0.174675 0 0 -0.0332363 -0.0357852 -0.116224 0.248213 -2.61151e-06
29.8423 -0.173674 0 0 -0.0334867 -0.0360343 -0.116543 0.247679 -2.63422e-06
29.8423 -0.172673 0 0 -0.0337371 -0.0362833 -0.116863 0.247146 -2.65694e-06
29.8423 -0.171672 0 0 -0.0339879 -0.0365327 -0.117178 0.24659 -2.67968e-06
29.8423 -0.170671 0 0 -0.0342407 -0.0367832 -0.117473 0.245947 -2.70249e-06
29.8423 -0.16967 0 0 -0.0344935 -0.0370337 -0.117769 0.245304 -2.7253e-06
29.8423 -0.168669 0 0 -0.0347463 -0.0372842 -0.118064 0.244661 -2.7481e-06
29.8423 -0.167668 0 0 -0.0349992 -0.0375347 -0.118359 0.244017 -2.77091e-06
29.8423 -0.166667 0 0 -0.035252 -0.0377852 -0.118655 0.243374 -2.79372e-06
29.8423 -0.165666 0 0 -0.0355048 -0.0380357 -0.11895 0.242731 -2.81653e-06
29.8423 -0.164665 0 0 -0.0357576 -0.0382862 -0.119246 0.242088 -2.83934e-06
29.8423 -0.163664 0 0 -0.0360104 -0.0385367 -0.119541 0.241445 -2.86215e-06
29.8423 -0.162663 0 0 -0.0362632 -0.0387872 -0.119836 0.240802 -2.88495e-06
29.8423 -0.161662 0 0 -0.036516 -0.0390377 -0.120132 0.240159 -2.90776e-06
29.8423 -0.160661 0 0 -0.0367688 -0.0392882 -0.120427 0.239516 -2.93057e-06
29.8423 -0.15966 0 0 -0.0370216 -0.0395388 -0.120723 0.238873 -2.95338e-06
29.8423 -0.158659 0 0 -0.0372744 -0.0397893 -0.121018 0.23823 -2.97619e-06
29.8423 -0.157658 0 0 -0.0375272 -0.0400398 -0.121313 0.237587 -2.999e-06
29.8423 -0.156657 0 0 -0.03778 -0.0402903 -0.121609 0.236944 -3.02181e-06
29.8423 -0.155656 0 0 -0.0380324 -0.0405397 -0.12189 0.236239 -3.04439e-06
29.8423 -0.154655 0 0 -0.0382844 -0.0407883 -0.122161 0.235492 -3.06683e-06
29.8423 -0.153654 0 0 -0.0385364 -0.041037 -0.122432 0.234745 -3.08927e-06
29.8423 -0.152653 0 0 -0.0387885 -0.0412857 -0.122704 0.233998 -3.11171e-06
29.8423 -0.151652 0 0 -0.0390405 -0.0415343 -0.122975 0.233251 -3.13414e-06
29.8423 -0.150651 0 0 -0.0392926 -0.041783 -0.123246 0.232504 -3.15658e-06
29.8423 -0.14965 0 0 -0.0395446 -0.0420317 -0.123518 0.231757 -3.17902e-06
29.8423 -0.148649 0 0 -0.0397966 -0.0422803 -0.123789 0.23101 -3.20146e-06
29.8423 -0.147648 0 0 -0.0400487 -0.042529 -0.12406 0.230263 -3.2239e-06
29.8423 -0.146647 0 0 -0.0403007 -0.0427777 -0.124332 0.229516 -3.24633e-06
29.8423 -0.145646 0 0 -0.0405528 -0.0430263 -0.124603 0.228768 -3.26877e-06
29.8423 -0.144645 0 0 -0.0408048 -0.043275 -0.124874 0.228021 -3.29121e-06
29.8423 -0.143644 0 0 -0.0410568 -0.0435237 -0.125145 0.227274 -3.31365e-06
29.8423 -0.142643 0 0 -0.0413089 -0.0437723 -0.125417 0.226527 -3.33608e-06
29.8423 -0.141642 0 0 -0.0415609 -0.044021 -0.125688 0.22578 -3.35852e-06
29.8423 -0.140641 0 0 -0.041813 -0.0442696 -0.125959 0.225033 -3.38096e-06
29.8423 -0.13964 0 0 -0.0420611 -0.0445132 -0.126208 0.224191 -3.40261e-06
29.8423 -0.138639 0 0 -0.0423091 -0.0447568 -0.126456 0.223347 -3.42424e-06
29.8423 -0.137638 0 0 -0.0425571 -0.0450003 -0.126704 0.222503 -3.44587e-06
29.8423 -0.136637 0 0 -0.0428051 -0.0452438 -0.126952 0.221659 -3.4675e-06
29.8423 -0.135636 0 0 -0.0430531 -0.0454873 -0.1272 0.220815 -3.48914e-06
29.8423 -0.134635 0 0 -0.0433012 -0.0457308 -0.127448 0.219971 -3.51077e-06
29.8423 -0.133634 0 0 -0.0435492 -0.0459743 -0.127696 0.219127 -3.5324e-06
29.8423 -0.132633 0 0 -0.0437972 -0.0462178 -0.127943 0.218283 -3.55404e-06
29.8423 -0.131632 0 0 -0.0440452 -0.0464614 -0.128191 0.217439 -3.57567e-06
29.8423 -0.130631 0 0 -0.0442933 -0.0467049 -0.128439 0.216595 -3.5973e-06
29.8423 -0.12963 0 0 -0.0445413 -0.0469484 -0.128687 0.215751 -3.61894e-06
29.8423 -0.128629 0 0 -0.0447893 -0.0471919 -0.128935 0.214907 -3.64057e-06
29.8423 -0.127628 0 0 -0.0450373 -0.0474354 -0.129183 0.214063 -3.6622e-06
29.8423 -0.126627 0 0 -0.0452854 -0.0476789 -0.129431 0.213219 -3.68383e-06
29.8423 -0.125626 0 0 -0.0455334 -0.0479224 -0.129679 0.212375 -3.70547e-06
29.8423 -0.124625 0 0 -0.0457787 -0.0481628 -0.129919 0.211498 -3.72665e-06
29.8423 -0.123624 0 0 -0.0460195 -0.048398 -0.130145 0.210566 -3.74709e-06
29.8423 -0.122623 0 0 -0.0462603 -0.0486331 -0.130371 0.209633 -3.76753e-06
29.8423 -0.121622 0 0 -0.0465011 -0.0488683 -0.130597 0.208701 -3.78797e-06
29.8423 -0.120621 0 0 -0.0467419 -0.0491034 -0.130823 0.207769 -3.80841e-06
29.8423 -0.11962 0 0 -0.0469827 -0.0493385 -0.131049 0.206836 -3.82885e-06
29.8423 -0.118619 0 0 -0.0472236 -0.0495737 -0.131275 0.205904 -3.84929e-06
29.8423 -0.117618 0 0 -0.0474644 -0.0498088 -0.131501 0.204972 -3.86973e-06
29.8423 -0.116617 0 0 -0.0477052 -0.050044 -0.131728 0.204039 -3.89017e-06
29.8423 -0.115616 0 0 -0.047946 -0.0502791 -0.131954 0.203107 -3.91061e-06
29.8423 -0.114615 0 0 -0.0481868 -0.0505143 -0.13218 0.202175 -3.93105e-06
29.8423 -0.113614 0 0 -0.0484276 -0.0507494 -0.132406 0.201242 -3.95149e-06
29.8423 -0.112613 0 0 -0.0486684 -0.0509846 -0.132632 0.20031 -3.97193e-06
29.8423 -0.111612 0 0 -0.0489092 -0.0512197 -0.132858 0.199378 -3.99237e-06
29.8423 -0.110611 0 0 -0.04915 -0.0514548 -0.133084 0.198445 -4.01281e-06
29.8423 -0.10961 0 0 -0.0493908 -0.05169 -0.13331 0.197513 -4.03325e-06
29.8423 -0.108609 0 0 -0.0496238 -0.0519164 -0.133521 0.19652 -4.05253e-06
29.8423 -0.107608 0 0 -0.0498543 -0.0521401 -0.133727 0.195509 -4.07145e-06
29.8423 -0.106607 0 0 -0.0500848 -0.0523639 -0.133933 0.194498 -4.09037e-06
29.8423 -0.105606 0 0 -0.0503154 -0.0525876 -0.134139 0.193487 -4.10929e-06
29.8423 -0.104605 0 0 -0.0505459 -0.0528113 -0.134345 0.192476 -4.12821e-06
29.8423 -0.103604 0 0 -0.0507764 -0.0530351 -0.13455 0.191465 -4.14713e-06
29.8423 -0.102603 0 0 -0.051007 -0.0532588 -0.134756 0.190454 -4.16605e-06
29.8423 -0.101602 0 0 -0.0512375 -0.0534826 -0.134962 0.189443 -4.18497e-06
29.8423 -0.100601 0 0 -0.051468 -0.0537063 -0.135168 0.188432 -4.20389e-06
29.8423 -0.0996 0 0 -0.0516986 -0.05393 -0.135374 0.187421 -4.22282e-06
29.8423 -0.098599 0 0 -0.0519291 -0.0541538 -0.13558 0.18641 -4.24174e-06
29.8423 -0.097598 0 0 -0.0521597 -0.0543775 -0.135786 0.185399 -4.26066e-06
29.8423 -0.096597 0 0 -0.0523902 -0.0546012 -0.135992 0.184388 -4.27958e-06
29.8423 -0.095596 0 0 -0.0526207 -0.054825 -0.136198 0.183377 -4.2985e-06
29.8423 -0.094595 0 0 -0.0528513 -0.0550487 -0.136404 0.182366 -4.31742e-06
29.8423 -0.093594 0 0 -0.0530798 -0.0552703 -0.136608 0.181344 -4.33606e-06
29.8423 -0.092593 0 0 -0.0532972 -0.0554798 -0.136796 0.180264 -4.35321e-06
29.8423 -0.091592 0 0 -0.0535146 -0.0556894 -0.136984 0.179185 -4.37035e-06
29.8423 -0.090591 0 0 -0.0537321 -0.0558989 -0.137173 0.178105 -4.3875e-06
29.8423 -0.08959 0 0 -0.0539495 -0.0561085 -0.137361 0.177026 -4.40465e-06
29.8423 -0.088589 0 0 -0.054167 -0.056318 -0.137549 0.175946 -4.42179e-06
29.8423 -0.087588 0 0 -0.0543844 -0.0565276 -0.137737 0.174866 -4.43894e-06
29.8423 -0.086587 0 0 -0.0546019 -0.0567371 -0.137926 0.173787 -4.45609e-06
29.8423 -0.085586 0 0 -0.0548193 -0.0569467 -0.138114 0.172707 -4.47323e-06
29.8423 -0.084585 0 0 -0.0550368 -0.0571563 -0.138302 0.171628 -4.49038e-06
29.8423 -0.083584 0 0 -0.0552542 -0.0573658 -0.138491 0.170548 -4.50752e-06
29.8423 -0.082583 0 0 -0.0554716 -0.0575754 -0.138679 0.169469 -4.52467e-06
29.8423 -0.081582 0 0 -0.0556891 -0.0577849 -0.138867 0.168389 -4.54182e-06
29.8423 -0.080581 0 0 -0.0559065 -0.0579945 -0.139055 0.167309 -4.55896e-06
29.8423 -0.07958 0 0 -0.056124 -0.058204 -0.139244 0.16623 -4.57611e-06
29.8423 -0.078579 0 0 -0.0563414 -0.0584136 -0.139432 0.16515 -4.59326e-06
29.8423 -0.077578 0 0 -0.0565503 -0.0586141 -0.139612 0.164039 -4.60934e-06
29.8423 -0.076577 0 0 -0.0567522 -0.058807 -0.139785 0.162901 -4.62453e-06
29.8423 -0.075576 0 0 -0.056954 -0.0589999 -0.139959 0.161764 -4.63972e-06
29.8423 -0.074575 0 0 -0.0571558 -0.0591928 -0.140132 0.160626 -4.65492e-06
29.8423 -0.073574 0 0 -0.0573576 -0.0593858 -0.140305 0.159488 -4.67011e-06
29.8423 -0.072573 0 0 -0.0575595 -0.0595787 -0.140479 0.158351 -4.68531e-06
29.8423 -0.071572 0 0 -0.0577613 -0.0597716 -0.140652 0.157213 -4.7005e-06
29.8423 -0.070571 0 0 -0.0579631 -0.0599645 -0.140825 0.156075 -4.7157e-06
29.8423 -0.06957 0 0 -0.058165 -0.0601574 -0.140999 0.154938 -4.73089e-06
29.8423 -0.068569 0 0 -0.0583668 -0.0603504 -0.141172 0.1538 -4.74609e-06
29.8423 -0.067568 0 0 -0.0585686 -0.0605433 -0.141345 0.152662 -4.76128e-06
29.8423 -0.066567 0 0 -0.0587704 -0.0607362 -0.141519 0.151525 -4.77648e-06
29.8423 -0.065566 0 0 -0.0589723 -0.0609291 -0.141692 0.150387 -4.79167e-06
29.8423 -0.064565 0 0 -0.0591741 -0.061122 -0.141865 0.149249 -4.80687e-06
29.8423 -0.063564 0 0 -0.0593759 -0.061315 -0.142038 0.148112 -4.82206e-06
29.8423 -0.062563 0 0 -0.0595778 -0.0615079 -0.142212 0.146974 -4.83726e-06
29.8423 -0.061562 0 0 -0.0597629 -0.0616833 -0.142374 0.145791 -4.85053e-06
29.8423 -0.060561 0 0 -0.0599469 -0.0618574 -0.142535 0.144606 -4.86367e-06
29.8423 -0.05956 0 0 -0.060131 -0.0620316 -0.142697 0.14342 -4.87682e-06
29.8423 -0.058559 0 0 -0.060315 -0.0622058 -0.142858 0.142234 -4.88996e-06
29.8423 -0.057558 0 0 -0.0604991 -0.06238 -0.143019 0.141049 -4.9031e-06
29.8423 -0.056557 0 0 -0.0606831 -0.0625542 -0.143181 0.139863 -4.91625e-06
29.8423 -0.055556 0 0 -0.0608671 -0.0627283 -0.143342 0.138677 -4.92939e-06
29.8423 -0.054555 0 0 -0.0610512 -0.0629025 -0.143503 0.137492 -4.94253e-06
29.8423 -0.053554 0 0 -0.0612352 -0.0630767 -0.143665 0.136306 -4.95568e-06
29.8423 -0.052553 0 0 -0.0614192 -0.0632509 -0.143826 0.135121 -4.96882e-06
29.8423 -0.051552 0 0 -0.0616033 -0.0634251 -0.143988 0.133935 -4.98196e-06
29.8423 -0.050551 0 0 -0.0617873 -0.0635993 -0.144149 0.132749 -4.9951e-06
29.8423 -0.04955 0 0 -0.0619714 -0.0637734 -0.14431 0.131564 -5.00825e-06
29.8423 -0.048549 0 0 -0.0621554 -0.0639476 -0.144472 0.130378 -5.02139e-06
29.8423 -0.047548 0 0 -0.0623394 -0.0641218 -0.144633 0.129192 -5.03453e-06
29.8423 -0.046547 0 0 -0.062517 -0.0642893 -0.144791 0.127994 -5.047e-06
29.8423 -0.045546 0 0 -0.0626815 -0.064443 -0.144944 0.12677 -5.05806e-06
29.8423 -0.044545 0 0 -0.0628459 -0.0645967 -0.145097 0.125546 -5.06912e-06
29.8423 -0.043544 0 0 -0.0630103 -0.0647504 -0.145249 0.124322 -5.08019e-06
29.8423 -0.042543 0 0 -0.0631748 -0.0649041 -0.145402 0.123097 -5.09125e-06
29.8423 -0.041542 0 0 -0.0633392 -0.0650578 -0.145555 0.121873 -5.10232e-06
29.8423 -0.040541 0 0 -0.0635037 -0.0652115 -0.145707 0.120649 -5.11338e-06
29.8423 -0.03954 0 0 -0.0636681 -0.0653652 -0.14586 0.119425 -5.12445e-06
29.8423 -0.038539 0 0 -0.0638325 -0.0655189 -0.146013 0.118201 -5.13551e-06
29.8423 -0.037538 0 0 -0.063997 -0.0656726 -0.146165 0.116977 -5.14657e-06
29.8423 -0.036537 0 0 -0.0641614 -0.0658263 -0.146318 0.115753 -5.15764e-06
29.8423 -0.035536 0 0 -0.0643258 -0.0659799 -0.146471 0.114528 -5.1687e-06
29.8423 -0.034535 0 0 -0.0644903 -0.0661336 -0.146623 0.113304 -5.17977e-06
29.8423 -0.033534 0 0 -0.0646547 -0.0662873 -0.146776 0.11208 -5.19083e-06
29.8423 -0.032533 0 0 -0.0648191 -0.066441 -0.146929 0.110856 -5.20189e-06
29.8423 -0.031532 0 0 -0.0649836 -0.0665947 -0.147081 0.109632 -5.21296e-06
29.8423 -0.030531 0 0 -0.0651329 -0.0667327 -0.14723 0.108386 -5.22256e-06
29.8423 -0.02953 0 0 -0.0652763 -0.0668645 -0.147377 0.107132 -5.23158e-06
29.8423 -0.028529 0 0 -0.0654197 -0.0669963 -0.147525 0.105878 -5.2406e-06
29.8423 -0.027528 0 0 -0.0655631 -0.0671281 -0.147672 0.104624 -5.24962e-06
29.8423 -0.026527 0 0 -0.0657065 -0.0672599 -0.147819 0.10337 -5.25864e-06
29.8423 -0.025526 0 0 -0.0658499 -0.0673917 -0.147967 0.102116 -5.26766e-06
29.8423 -0.024525 0 0 -0.0659933 -0.0675235 -0.148114 0.100861 -5.27668e-06
29.8423 -0.023524 0 0 -0.0661367 -0.0676553 -0.148261 0.0996073 -5.2857e-06
29.8423 -0.022523 0 0 -0.0662801 -0.067787 -0.148409 0.0983531 -5.29473e-06
29.8423 -0.021522 0 0 -0.0664235 -0.0679188 -0.148556 0.097099 -5.30375e-06
29.8423 -0.020521 0 0 -0.0665669 -0.0680506 -0.148703 0.0958448 -5.31277e-06
29.8423 -0.01952 0 0 -0.0667103 -0.0681824 -0.148851 0.0945907 -5.32179e-06
29.8423 -0.018519 0 0 -0.0668537 -0.0683142 -0.148998 0.0933366 -5.33081e-06
29.8423 -0.017518 0 0 -0.0669971 -0.068446 -0.149145 0.0920824 -5.33983e-06
29.8423 -0.016517 0 0 -0.0671405 -0.0685778 -0.149293 0.0908283 -5.34885e-06
29.8423 -0.015516 0 0 -0.0672815 -0.0687071 -0.14944 0.0895717 -5.35766e-06
29.8423 -0.014515 0 0 -0.0674027 -0.0688159 -0.149585 0.0882948 -5.36473e-06
29.8423 -0.013514 0 0 -0.067524 -0.0689246 -0.149731 0.0870179 -5.37179e-06
29.8423 -0.012513 0 0 -0.0676453 -0.0690334 -0.149876 0.085741 -5.37886e-06
29.8423 -0.011512 0 0 -0.0677666 -0.0691421 -0.150022 0.0844641 -5.38593e-06
29.8423 -0.010511 0 0 -0.0678879 -0.0692509 -0.150167 0.0831872 -5.393e-06
29.8423 -0.00951 0 0 -0.0680091 -0.0693596 -0.150313 0.0819103 -5.40006e-06
29.8423 -0.008509 0 0 -0.0681304 -0.0694684 -0.150458 0.0806334 -5.40713e-06
29.8423 -0.007508 0 0 -0.0682517 -0.0695772 -0.150604 0.0793565 -5.4142e-06
29.8423 -0.006507 0 0 -0.068373 -0.0696859 -0.150749 0.0780796 -5.42126e-06
29.8423 -0.005506 0 0 -0.0684943 -0.0697947 -0.150895 0.0768027 -5.42833e-06
29.8423 -0.004505 0 0 -0.0686155 -0.0699034 -0.15104 0.0755258 -5.4354e-06
29.8423 -0.003504 0 0 -0.0687368 -0.0700122 -0.151186 0.0742489 -5.44246e-06
29.8423 -0.002503 0 0 -0.0688581 -0.0701209 -0.151331 0.072972 -5.44953e-06
29.8423 -0.001502 0 0 -0.0689794 -0.0702297 -0.151477 0.0716951 -5.4566e-06
29.8423 -0.000501 0 0 -0.0691007 -0.0703385 -0.151622 0.0704182 -5.46366e-06
29.8423 0.000501 0 0 -0.0692106 -0.0704354 -0.151769 0.0691315 -5.46982e-06
29.8423 0.001502 0 0 -0.069309 -0.0705202 -0.151916 0.0678376 -5.47507e-06
29.8423 0.002503 0 0 -0.0694075 -0.070605 -0.152063 0.0665437 -5.48031e-06
29.8423 0.003504 0 0 -0.0695059 -0.0706898 -0.15221 0.0652499 -5.48555e-06
29.8423 0.004505 0 0 -0.0696043 -0.0707747 -0.152358 0.063956 -5.49079e-06
29.8423 0.005506 0 0 -0.0697027 -0.0708595 -0.152505 0.0626621 -5.49603e-06
29.8423 0.006507 0 0 -0.0698011 -0.0709443 -0.152652 0.0613682 -5.50127e-06
29.8423 0.007508 0 0 -0.0698995 -0.0710292 -0.152799 0.0600744 -5.50651e-06
29.8423 0.008509 0 0 -0.0699979 -0.071114 -0.152946 0.0587805 -5.51175e-06
29.8423 0.00951 0 0 -0.0700964 -0.0711988 -0.153094 0.0574866 -5.51699e-06
29.8423 0.010511 0 0 -0.0701948 -0.0712837 -0.153241 0.0561927 -5.52223e-06
29.8423 0.011512 0 0 -0.0702932 -0.0713685 -0.153388 0.0548989 -5.52747e-06
29.8423 0.012513 0 0 -0.0703916 -0.0714533 -0.153535 0.053605 -5.53271e-06
29.8423 0.013514 0 0 -0.07049 -0.0715382 -0.153682 0.0523111 -5.53796e-06
29.8423 0.014515 0 0 -0.0705884 -0.071623 -0.153829 0.0510172 -5.5432e-06
29.8423 0.015516 0 0 -0.0706869 -0.0717078 -0.153977 0.0497234 -5.54844e-06
29.8423 0.016517 0 0 -0.0707644 -0.0717705 -0.154128 0.0484181 -5.55219e-06
29.8423 0.017518 0 0 -0.0708395 -0.0718304 -0.154281 0.0471114 -5.55576e-06
29.8423 0.018519 0 0 -0.0709145 -0.0718904 -0.154433 0.0458047 -5.55933e-06
29.8423 0.01952 0 0 -0.0709895 -0.0719503 -0.154585 0.044498 -5.56289e-06
29.8423 0.020521 0 0 -0.0710646 -0.0720102 -0.154738 0.0431913 -5.56646e-06
29.8423 0.021522 0 0 -0.0711396 -0.0720702 -0.15489 0.0418847 -5.57003e-06
29.8423 0.022523 0 0 -0.0712146 -0.0721301 -0.155042 0.040578 -5.5736e-06
29.8423 0.023524 0 0 -0.0712896 -0.0721901 -0.155195 0.0392713 -5.57717e-06
29.8423 0.024525 0 0 -0.0713647 -0.07225 -0.155347 0.0379646 -5.58074e-06
29.8423 0.025526 0 0 -0.0714397 -0.0723099 -0.155499 0.0366579 -5.58431e-06
29.8423 0.026527 0 0 -0.0715147 -0.0723699 -0.155652 0.0353513 -5.58788e-06
29.8423 0.027528 0 0 -0.0715898 -0.0724298 -0.155804 0.0340446 -5.59144e-06
29.8423 0.028529 0 0 -0.0716648 -0.0724898 -0.155956 0.0327379 -5.59501e-06
29.8423 0.02953 0 0 -0.0717398 -0.0725497 -0.156109 0.0314312 -5.59858e-06
29.8423 0.030531 0 0 -0.0718149 -0.0726097 -0.156261 0.0301245 -5.60215e-06
29.8423 0.031532 0 0 -0.0718832 -0.0726622 -0.156416 0.0288149 -5.6053e-06
29.8423 0.032533 0 0 -0.0719345 -0.0726958 -0.156577 0.027498 -5.60736e-06
29.8423 0.033534 0 0 -0.0719858 -0.0727295 -0.156738 0.026181 -5.60942e-06
29.8423 0.034535 0 0 -0.0720371 -0.0727632 -0.156899 0.024864 -5.61149e-06
29.8423 0.035536 0 0 -0.0720885 -0.0727968 -0.15706 0.0235471 -5.61355e-06
29.8423 0.036537 0 0 -0.0721398 -0.0728305 -0.157221 0.0222301 -5.61561e-06
29.8423 0.037538 0 0 -0.0721911 -0.0728641 -0.157382 0.0209131 -5.61768e-06
29.8423 0.038539 0 0 -0.0722424 -0.0728978 -0.157543 0.0195962 -5.61974e-06
29.8423 0.03954 0 0 -0.0722937 -0.0729314 -0.157704 0.0182792 -5.6218e-06
29.8423 0.040541 0 0 -0.072345 -0.0729651 -0.157865 0.0169622 -5.62387e-06
29.8423 0.041542 0 0 -0.0723963 -0.0729988 -0.158026 0.0156453 -5.62593e-06
29.8423 0.042543 0 0 -0.0724476 -0.0730324 -0.158187 0.0143283 -5.62799e-06
29.8423 0.043544 0 0 -0.072499 -0.0730661 -0.158348 0.0130113 -5.63006e-06
29.8423 0.044545 0 0 -0.0725503 -0.0730997 -0.158509 0.0116943 -5.63212e-06
29.8423 0.045546 0 0 -0.0726016 -0.0731334 -0.15867 0.0103774 -5.63418e-06
29.8423 0.046547 0 0 -0.0726529 -0.0731671 -0.158831 0.00906041 -5.63625e-06
29.8423 0.047548 0 0 -0.0726883 -0.0731863 -0.159 0.00773705 -5.63741e-06
29.8423 0.048549 0 0 -0.0727159 -0.0731985 -0.159173 0.00641058 -5.63814e-06
29.8423 0.04955 0 0 -0.0727434 -0.0732107 -0.159347 0.00508412 -5.63887e-06
29.8423 0.050551 0 0 -0.072771 -0.0732229 -0.15952 0.00375765 -5.63959e-06
29.8423 0.051552 0 0 -0.0727986 -0.0732352 -0.159693 0.00243118 -5.64032e-06
29.8423 0.052553 0 0 -0.0728262 -0.0732474 -0.159866 0.00110471 -5.64105e-06
29.8423 0.053554 0 0 -0.0728538 -0.0732596 -0.160039 -0.000221758 -5.64177e-06
29.8423 0.054555 0 0 -0.0728814 -0.0732718 -0.160213 -0.00154823 -5.6425e-06
29.8423 0.055556 0 0 -0.072909 -0.073284 -0.160386 -0.00287469 -5.64323e-06
29.8423 0.056557 0 0 -0.0729366 -0.0732962 -0.160559 -0.00420116 -5.64396e-06
29.8423 0.057558 0 0 -0.0729642 -0.0733084 -0.160732 -0.00552763 -5.64468e-06
29.8423 0.058559 0 0 -0.0729918 -0.0733206 -0.160905 -0.0068541 -5.64541e-06
29.8423 0.05956 0 0 -0.0730194 -0.0733329 -0.161079 -0.00818057 -5.64614e-06
29.8423 0.060561 0 0 -0.0730469 -0.0733451 -0.161252 -0.00950703 -5.64686e-06
29.8423 0.061562 0 0 -0.0730745 -0.0733573 -0.161425 -0.0108335 -5.64759e-06
29.8423 0.062563 0 0 -0.0731006 -0.0733682 -0.161599 -0.0121606 -5.64824e-06
29.8423 0.063564 0 0 -0.0731047 -0.0733589 -0.161788 -0.0134977 -5.64778e-06
29.8423 0.064565 0 0 -0.0731087 -0.0733497 -0.161976 -0.0148348 -5.64731e-06
29.8423 0.065566 0 0 -0.0731128 -0.0733404 -0.162165 -0.0161719 -5.64684e-06
29.8423 0.066567 0 0 -0.0731168 -0.0733312 -0.162354 -0.017509 -5.64638e-06
29.8423 0.067568 0 0 -0.0731209 -0.073322 -0.162542 -0.018846 -5.64591e-06
29.8423 0.068569 0 0 -0.0731249 -0.0733127 -0.162731 -0.0201831 -5.64545e-06
29.8423 0.06957 0 0 -0.073129 -0.0733035 -0.16292 -0.0215202 -5.64498e-06
29.8423 0.070571 0 0 -0.073133 -0.0732943 -0.163108 -0.0228573 -5.64451e-06
29.8423 0.071572 0 0 -0.073137 -0.073285 -0.163297 -0.0241943 -5.64405e-06
29.8423 0.072573 0 0 -0.0731411 -0.0732758 -0.163486 -0.0255314 -5.64358e-06
29.8423 0.073574 0 0 -0.0731451 -0.0732665 -0.163675 -0.0268685 -5.64311e-06
29.8423 0.074575 0 0 -0.0731492 -0.0732573 -0.163863 -0.0282056 -5.64265e-06
29.8423 0.075576 0 0 -0.0731532 -0.0732481 -0.164052 -0.0295427 -5.64218e-06
29.8423 0.076577 0 0 -0.0731573 -0.0732388 -0.164241 -0.0308797 -5.64171e-06
29.8423 0.077578 0 0 -0.0731613 -0.0732296 -0.164429 -0.0322168 -5.64125e-06
29.8423 0.078579 0 0 -0.0731547 -0.0732083 -0.164626 -0.03356 -5.64029e-06
29.8423 0.07958 0 0 -0.0731352 -0.0731723 -0.164834 -0.0349105 -5.63875e-06
29.8423 0.080581 0 0 -0.0731157 -0.0731364 -0.165041 -0.0362611 -5.63721e-06
29.8423 0.081582 0 0 -0.0730962 -0.0731004 -0.165248 -0.0376116 -5.63567e-06
29.8423 0.082583 0 0 -0.0730767 -0.0730645 -0.165455 -0.0389621 -5.63413e-06
29.8423 0.083584 0 0 -0.0730572 -0.0730286 -0.165663 -0.0403126 -5.63259e-06
29.8423 0.084585 0 0 -0.0730377 -0.0729926 -0.16587 -0.0416632 -5.63105e-06
29.8423 0.085586 0 0 -0.0730182 -0.0729567 -0.166077 -0.0430137 -5.62951e-06
29.8423 0.086587 0 0 -0.0729987 -0.0729207 -0.166284 -0.0443642 -5.62797e-06
29.8423 0.087588 0 0 -0.0729792 -0.0728848 -0.166492 -0.0457148 -5.62643e-06
29.8423 0.088589 0 0 -0.0729598 -0.0728488 -0.166699 -0.0470653 -5.62489e-06
29.8423 0.08959 0 0 -0.0729403 -0.0728129 -0.166906 -0.0484158 -5.62335e-06
29.8423 0.090591 0 0 -0.0729208 -0.072777 -0.167114 -0.0497664 -5.62181e-06
29.8423 0.091592 0 0 -0.0729013 -0.072741 -0.167321 -0.0511169 -5.62027e-06
29.8423 0.092593 0 0 -0.0728818 -0.0727051 -0.167528 -0.0524674 -5.61873e-06
29.8423 0.093594 0 0 -0.0728623 -0.0726691 -0.167735 -0.0538179 -5.61719e-06
29.8423 0.094595 0 0 -0.0728228 -0.0726111 -0.167961 -0.0551836 -5.61483e-06
29.8423 0.095596 0 0 -0.0727797 -0.0725491 -0.16819 -0.0565521 -5.61231e-06
29.8423 0.096597 0 0 -0.0727366 -0.072487 -0.168419 -0.0579206 -5.6098e-06
29.8423 0.097598 0 0 -0.0726935 -0.0724249 -0.168648 -0.0592891 -5.60728e-06
29.8423 0.098599 0 0 -0.0726503 -0.0723628 -0.168877 -0.0606576 -5.60477e-06
29.8423 0.0996 0 0 -0.0726072 -0.0723008 -0.169105 -0.062026 -5.60225e-06
29.8423 0.100601 0 0 -0.0725641 -0.0722387 -0.169334 -0.0633945 -5.59974e-06
29.8423 0.101602 0 0 -0.0725209 -0.0721766 -0.169563 -0.064763 -5.59722e-06
29.8423 0.102603 0 0 -0.0724778 -0.0721145 -0.169792 -0.0661315 -5.59471e-06
29.8423 0.103604 0 0 -0.0724347 -0.0720524 -0.170021 -0.0675 -5.59219e-06
29.8423 0.104605 0 0 -0.0723915 -0.0719904 -0.17025 -0.0688685 -5.58968e-06
29.8423 0.105606 0 0 -0.0723484 -0.0719283 -0.170479 -0.0702369 -5.58716e-06
29.8423 0.106607 0 0 -0.0723053 -0.0718662 -0.170708 -0.0716054 -5.58465e-06
29.8423 0.107608 0 0 -0.0722621 -0.0718041 -0.170937 -0.0729739 -5.58213e-06
29.8423 0.108609 0 0 -0.072219 -0.071742 -0.171166 -0.0743424 -5.57962e-06
29.8423 0.10961 0 0 -0.0721703 -0.0716739 -0.1714 -0.0757165 -5.57688e-06
29.8423 0.110611 0 0 -0.0721035 -0.0715858 -0.171653 -0.0771091 -5.57343e-06
29.8423 0.111612 0 0 -0.0720366 -0.0714977 -0.171906 -0.0785017 -5.56998e-06
29.8423 0.112613 0 0 -0.0719698 -0.0714097 -0.172159 -0.0798943 -5.56653e-06
29.8423 0.113614 0 0 -0.071903 -0.0713216 -0.172412 -0.0812869 -5.56308e-06
29.8423 0.114615 0 0 -0.0718361 -0.0712335 -0.172665 -0.0826795 -5.55963e-06
29.8423 0.115616 0 0 -0.0717693 -0.0711454 -0.172918 -0.084072 -5.55618e-06
29.8423 0.116617 0 0 -0.0717024 -0.0710574 -0.173171 -0.0854646 -5.55273e-06
29.8423 0.117618 0 0 -0.0716356 -0.0709693 -0.173424 -0.0868572 -5.54928e-06
29.8423 0.118619 0 0 -0.0715688 -0.0708812 -0.173678 -0.0882498 -5.54583e-06
29.8423 0.11962 0 0 -0.0715019 -0.0707932 -0.173931 -0.0896424 -5.54238e-06
29.8423 0.120621 0 0 -0.0714351 -0.0707051 -0.174184 -0.091035 -5.53893e-06
29.8423 0.121622 0 0 -0.0713683 -0.070617 -0.174437 -0.0924275 -5.53548e-06
29.8423 0.122623 0 0 -0.0713014 -0.0705289 -0.17469 -0.0938201 -5.53203e-06
29.8423 0.123624 0 0 -0.0712346 -0.0704409 -0.174943 -0.0952127 -5.52858e-06
29.8423 0.124625 0 0 -0.0711678 -0.0703528 -0.175196 -0.0966053 -5.52513e-06
29.8423 0.125626 0 0 -0.071086 -0.0702484 -0.175465 -0.0980177 -5.52108e-06
29.8423 0.126627 0 0 -0.0709953 -0.0701342 -0.175744 -0.0994418 -5.51667e-06
29.8423 0.127628 0 0 -0.0709046 -0.07002 -0.176023 -0.100866 -5.51225e-06
29.8423 0.128629 0 0 -0.0708139 -0.0699058 -0.176302 -0.10229 -5.50784e-06
29.8423 0.12963 0 0 -0.0707232 -0.0697916 -0.17658 -0.103714 -5.50343e-06
29.8423 0.130631 0 0 -0.0706326 -0.0696775 -0.176859 -0.105139 -5.49902e-06
29.8423 0.131632 0 0 -0.0705419 -0.0695633 -0.177138 -0.106563 -5.49461e-06
29.8423 0.132633 0 0 -0.0704512 -0.0694491 -0.177417 -0.107987 -5.4902e-06
29.8423 0.133634 0 0 -0.0703605 -0.0693349 -0.177696 -0.109411 -5.48579e-06
29.8423 0.134635 0 0 -0.0702698 -0.0692207 -0.177975 -0.110835 -5.48137e-06
29.8423 0.135636 0 0 -0.0701791 -0.0691065 -0.178254 -0.11226 -5.47696e-06
29.8423 0.136637 0 0 -0.0700884 -0.0689924 -0.178532 -0.113684 -5.47255e-06
29.8423 0.137638 0 0 -0.0699977 -0.0688782 -0.178811 -0.115108 -5.46814e-06
29.8423 0.138639 0 0 -0.0699071 -0.068764 -0.17909 -0.116532 -5.46373e-06
29.8423 0.13964 0 0 -0.0698164 -0.0686498 -0.179369 -0.117956 -5.45932e-06
29.8423 0.140641 0 0 -0.0697253 -0.0685352 -0.179648 -0.119381 -5.45489e-06
29.8423 0.141642 0 0 -0.0696104 -0.0683946 -0.179953 -0.120845 -5.44941e-06
29.8423 0.142643 0 0 -0.0694956 -0.0682541 -0.180259 -0.12231 -5.44393e-06
29.8423 0.143644 0 0 -0.0693807 -0.0681136 -0.180564 -0.123774 -5.43846e-06
29.8423 0.144645 0 0 -0.0692659 -0.067973 -0.180869 -0.125238 -5.43298e-06
29.8423 0.145646 0 0 -0.069151 -0.0678325 -0.181174 -0.126702 -5.4275e-06
29.8423 0.146647 0 0 -0.0690361 -0.0676919 -0.181479 -0.128166 -5.42203e-06
29.8423 0.147648 0 0 -0.0689213 -0.0675514 -0.181784 -0.129631 -5.41655e-06
29.8423 0.148649 0 0 -0.0688064 -0.0674108 -0.182089 -0.131095 -5.41107e-06
29.8423 0.14965 0 0 -0.0686916 -0.0672703 -0.182395 -0.132559 -5.40559e-06
29.8423 0.150651 0 0 -0.0685767 -0.0671297 -0.1827 -0.134023 -5.40012e-06
29.8423 0.151652 0 0 -0.0684619 -0.0669892 -0.183005 -0.135488 -5.39464e-06
29.8423 0.152653 0 0 -0.068347 -0.0668486 -0.18331 -0.136952 -5.38916e-06
29.8423 0.153654 0 0 -0.0682321 -0.0667081 -0.183615 -0.138416 -5.38369e-06
29.8423 0.154655 0 0 -0.0681173 -0.0665675 -0.18392 -0.13988 -5.37821e-06
29.8423 0.155656 0 0 -0.0680024 -0.066427 -0.184226 -0.141344 -5.37273e-06
29.8423 0.156657 0 0 -0.0678775 -0.0662756 -0.184541 -0.142828 -5.36674e-06
29.8423 0.157658 0 0 -0.067738 -0.0661085 -0.184871 -0.144341 -5.36e-06
29.8423 0.158659 0 0 -0.0675985 -0.0659414 -0.185201 -0.145854 -5.35326e-06
29.8423 0.15966 0 0 -0.0674589 -0.0657742 -0.185531 -0.147367 -5.34652e-06
29.8423 0.160661 0 0 -0.0673194 -0.0656071 -0.185861 -0.14888 -5.33978e-06
29.8423 0.161662 0 0 -0.0671799 -0.0654399 -0.186191 -0.150393 -5.33304e-06
29.8423 0.162663 0 0 -0.0670404 -0.0652728 -0.186521 -0.151905 -5.3263e-06
29.8423 0.163664 0 0 -0.0669008 -0.0651056 -0.186851 -0.153418 -5.31956e-06
29.8423 0.164665 0 0 -0.0667613 -0.0649385 -0.187181 -0.154931 -5.31282e-06
29.8423 0.165666 0 0 -0.0666218 -0.0647713 -0.187511 -0.156444 -5.30608e-06
29.8423 0.166667 0 0 -0.0664822 -0.0646042 -0.187841 -0.157957 -5.29934e-06
29.8423 0.167668 0 0 -0.0663427 -0.0644371 -0.188171 -0.15947 -5.2926e-06
29.8423 0.168669 0 0 -0.0662032 -0.0642699 -0.188501 -0.160982 -5.28586e-06
29.8423 0.16967 0 0 -0.0660636 -0.0641028 -0.188831 -0.162495 -5.27912e-06
29.8423 0.170671 0 0 -0.0659241 -0.0639356 -0.189161 -0.164008 -5.27237e-06
29.8423 0.171672 0 0 -0.0657846 -0.0637685 -0.189491 -0.165521 -5.26563e-06
29.8423 0.172673 0 0 -0.0656249 -0.0635801 -0.189837 -0.167078 -5.25765e-06
29.8423 0.173674 0 0 -0.06546 -0.0633863 -0.190188 -0.168647 -5.24934e-06
29.8423 0.174675 0 0 -0.0652951 -0.0631925 -0.190539 -0.170216 -5.24103e-06
29.8423 0.175676 0 0 -0.0651302 -0.0629987 -0.190889 -0.171785 -5.23273e-06
29.8423 0.176677 0 0 -0.0649654 -0.0628048 -0.19124 -0.173354 -5.22442e-06
29.8423 0.177678 0 0 -0.0648005 -0.062611 -0.191591 -0.174923 -5.21612e-06
29.8423 0.178679 0 0 -0.0646356 -0.0624172 -0.191942 -0.176492 -5.20781e-06
29.8423 0.17968 0 0 -0.0644707 -0.0622234 -0.192292 -0.178061 -5.19951e-06
29.8423 0.180681 0 0 -0.0643059 -0.0620296 -0.192643 -0.17963 -5.1912e-06
29.8423 0.181682 0 0 -0.064141 -0.0618358 -0.192994 -0.181199 -5.18289e-06
29.8423 0.182683 0 0 -0.0639761 -0.061642 -0.193344 -0.182768 -5.17459e-06
29.8423 0.183684 0 0 -0.0638113 -0.0614482 -0.193695 -0.184337 -5.16628e-06
29.8423 0.184685 0 0 -0.0636464 -0.0612544 -0.194046 -0.185906 -5.15798e-06
29.8423 0.185686 0 0 -0.0634815 -0.0610606 -0.194397 -0.187475 -5.14967e-06
29.8423 0.186687 0 0 -0.0633166 -0.0608667 -0.194747 -0.189044 -5.14137e-06
29.8423 0.187688 0 0 -0.0631469 -0.060668 -0.1951 -0.190624 -5.13269e-06
29.8423 0.188689 0 0 -0.0629559 -0.0604479 -0.195464 -0.192254 -5.12241e-06
29.8423 0.18969 0 0 -0.0627649 -0.0602277 -0.195827 -0.193884 -5.11213e-06
29.8423 0.190691 0 0 -0.0625739 -0.0600076 -0.196191 -0.195514 -5.10185e-06
29.8423 0.191692 0 0 -0.0623829 -0.0597875 -0.196554 -0.197143 -5.09157e-06
29.8423 0.192693 0 0 -0.0621919 -0.0595673 -0.196918 -0.198773 -5.08129e-06
29.8423 0.193694 0 0 -0.0620009 -0.0593472 -0.197281 -0.200403 -5.07101e-06
29.8423 0.194695 0 0 -0.0618099 -0.059127 -0.197644 -0.202033 -5.06073e-06
29.8423 0.195696 0 0 -0.0616189 -0.0589069 -0.198008 -0.203662 -5.05046e-06
29.8423 0.196697 0 0 -0.0614279 -0.0586868 -0.198371 -0.205292 -5.04018e-06
29.8423 0.197698 0 0 -0.0612369 -0.0584666 -0.198735 -0.206922 -5.0299e-06
29.8423 0.198699 0 0 -0.0610459 -0.0582465 -0.199098 -0.208552 -5.01962e-06
29.8423 0.1997 0 0 -0.0608549 -0.0580264 -0.199462 -0.210182 -5.00934e-06
29.8423 0.200701 0 0 -0.0606639 -0.0578062 -0.199825 -0.211811 -4.99906e-06
29.8423 0.201702 0 0 -0.0604729 -0.0575861 -0.200189 -0.213441 -4.98878e-06
29.8423 0.202703 0 0 -0.0602819 -0.057366 -0.200552 -0.215071 -4.9785e-06
29.8423 0.203704 0 0 -0.0600754 -0.0571312 -0.200915 -0.216735 -4.96679e-06
29.8423 0.204705 0 0 -0.0598575 -0.0568859 -0.201278 -0.218425 -4.95403e-06
29.8423 0.205706 0 0 -0.0596396 -0.0566405 -0.201642 -0.220115 -4.94128e-06
29.8423 0.206707 0 0 -0.0594217 -0.0563951 -0.202005 -0.221805 -4.92852e-06
29.8423 0.207708 0 0 -0.0592038 -0.0561497 -0.202368 -0.223494 -4.91576e-06
29.8423 0.208709 0 0 -0.0589859 -0.0559043 -0.202731 -0.225184 -4.90301e-06
29.8423 0.20971 0 0 -0.0587681 -0.055659 -0.203094 -0.226874 -4.89025e-06
29.8423 0.210711 0 0 -0.0585502 -0.0554136 -0.203457 -0.228564 -4.8775e-06
29.8423 0.211712 0 0 -0.0583323 -0.0551682 -0.203821 -0.230254 -4.86474e-06
29.8423 0.212713 0 0 -0.0581144 -0.0549228 -0.204184 -0.231943 -4.85199e-06
29.8423 0.213714 0 0 -0.0578965 -0.0546775 -0.204547 -0.233633 -4.83923e-06
29.8423 0.214715 0 0 -0.0576787 -0.0544321 -0.20491 -0.235323 -4.82647e-06
29.8423 0.215716 0 0 -0.0574608 -0.0541867 -0.205273 -0.237013 -4.81372e-06
29.8423 0.216717 0 0 -0.0572429 -0.0539413 -0.205636 -0.238703 -4.80096e-06
29.8423 0.217718 0 0 -0.057025 -0.0536959 -0.206 -0.240392 -4.78821e-06
29.8423 0.218719 0 0 -0.0568071 -0.0534506 -0.206363 -0.242082 -4.77545e-06
29.8423 0.21972 0 0 -0.0565627 -0.0531829 -0.206707 -0.243821 -4.75975e-06
29.8423 0.220721 0 0 -0.0563174 -0.0529145 -0.20705 -0.245561 -4.74396e-06
29.8423 0.221722 0 0 -0.0560722 -0.0526461 -0.207394 -0.247301 -4.72816e-06
29.8423 0.222723 0 0 -0.0558269 -0.0523778 -0.207738 -0.249041 -4.71237e-06
29.8423 0.223724 0 0 -0.0555816 -0.0521094 -0.208081 -0.250782 -4.69658e-06
29.8423 0.224725 0 0 -0.0553363 -0.051841 -0.208425 -0.252522 -4.68078e-06
29.8423 0.225726 0 0 -0.0550911 -0.0515726 -0.208768 -0.254262 -4.66499e-06
29.8423 0.226727 0 0 -0.0548458 -0.0513042 -0.209112 -0.256002 -4.64919e-06
29.8423 0.227728 0 0 -0.0546005 -0.0510358 -0.209455 -0.257743 -4.6334e-06
29.8423 0.228729 0 0 -0.0543552 -0.0507675 -0.209799 -0.259483 -4.61761e-06
29.8423 0.22973 0 0 -0.05411 -0.0504991 -0.210142 -0.261223 -4.60181e-06
29.8423 0.230731 0 0 -0.0538647 -0.0502307 -0.210486 -0.262963 -4.58602e-06
29.8423 0.231732 0 0 -0.0536194 -0.0499623 -0.210829 -0.264704 -4.57022e-06
29.8423 0.232733 0 0 -0.0533741 -0.0496939 -0.211173 -0.266444 -4.55443e-06
29.8423 0.233734 0 0 -0.0531289 -0.0494256 -0.211516 -0.268184 -4.53864e-06
29.8423 0.234735 0 0 -0.0528738 -0.0491503 -0.211843 -0.269934 -4.52155e-06
29.8423 0.235736 0 0 -0.0526012 -0.0488628 -0.21214 -0.271702 -4.50217e-06
29.8423 0.236737 0 0 -0.0523286 -0.0485752 -0.212437 -0.273471 -4.48278e-06
29.8423 0.237738 0 0 -0.0520561 -0.0482877 -0.212734 -0.275239 -4.4634e-06
29.8423 0.238739 0 0 -0.0517835 -0.0480002 -0.213032 -0.277007 -4.44401e-06
29.8423 0.23974 0 0 -0.0515109 -0.0477127 -0.213329 -0.278775 -4.42463e-06
29.8423 0.240741 0 0 -0.0512383 -0.0474251 -0.213626 -0.280543 -4.40524e-06
29.8423 0.241742 0 0 -0.0509658 -0.0471376 -0.213923 -0.282312 -4.38586e-06
29.8423 0.242743 0 0 -0.0506932 -0.0468501 -0.21422 -0.28408 -4.36647e-06
29.8423 0.243744 0 0 -0.0504206 -0.0465626 -0.214517 -0.285848 -4.34709e-06
29.8423 0.244745 0 0 -0.0501481 -0.0462751 -0.214814 -0.287616 -4.32771e-06
29.8423 0.245746 0 0 -0.0498755 -0.0459875 -0.215111 -0.289384 -4.30832e-06
29.8423 0.246747 0 0 -0.0496029 -0.0457 -0.215408 -0.291152 -4.28894e-06
29.8423 0.247748 0 0 -0.0493303 -0.0454125 -0.215705 -0.292921 -4.26955e-06
29.8423 0.248749 0 0 -0.0490578 -0.045125 -0.216002 -0.294689 -4.25017e-06
29.8423 0.24975 0 0 -0.0487852 -0.0448374 -0.2163 -0.296457 -4.23078e-06
29.8423 0.250751 0 0 -0.048493 -0.04454 -0.216536 -0.298216 -4.20838e-06
29.8423 0.251752 0 0 -0.0481944 -0.0442392 -0.216751 -0.299972 -4.18496e-06
29.8423 0.252753 0 0 -0.0478957 -0.0439384 -0.216967 -0.301729 -4.16155e-06
29.8423 0.253754 0 0 -0.047597 -0.0436376 -0.217183 -0.303485 -4.13814e-06
29.8423 0.254755 0 0 -0.0472984 -0.0433369 -0.217399 -0.305241 -4.11473e-06
29.8423 0.255756 0 0 -0.0469997 -0.0430361 -0.217615 -0.306997 -4.09132e-06
29.8423 0.256757 0 0 -0.046701 -0.0427353 -0.21783 -0.308753 -4.06791e-06
29.8423 0.257758 0 0 -0.0464024 -0.0424345 -0.218046 -0.31051 -4.04449e-06
29.8423 0.258759 0 0 -0.0461037 -0.0421337 -0.218262 -0.312266 -4.02108e-06
29.8423 0.25976 0 0 -0.045805 -0.041833 -0.218478 -0.314022 -3.99767e-06
29.8423 0.260761 0 0 -0.0455063 -0.0415322 -0.218693 -0.315778 -3.97426e-06
29.8423 0.261762 0 0 -0.0452077 -0.0412314 -0.218909 -0.317534 -3.95085e-06
29.8423 0.262763 0 0 -0.044909 -0.0409306 -0.219125 -0.319291 -3.92744e-06
29.8423 0.263764 0 0 -0.0446103 -0.0406299 -0.219341 -0.321047 -3.90402e-06
29.8423 0.264765 0 0 -0.0443117 -0.0403291 -0.219557 -0.322803 -3.88061e-06
29.8423 0.265766 0 0 -0.0440097 -0.0400276 -0.219755 -0.324549 -3.85661e-06
29.8423 0.266767 0 0 -0.0436879 -0.0397217 -0.219847 -0.326231 -3.82899e-06
29.8423 0.267768 0 0 -0.043366 -0.0394157 -0.219939 -0.327914 -3.80138e-06
29.8423 0.268769 0 0 -0.0430442 -0.0391098 -0.220031 -0.329597 -3.77376e-06
29.8423 0.26977 0 0 -0.0427223 -0.0388039 -0.220123 -0.33128 -3.74615e-06
29.8423 0.270771 0 0 -0.0424004 -0.038498 -0.220215 -0.332962 -3.71853e-06
29.8423 0.271772 0 0 -0.0420786 -0.038192 -0.220307 -0.334645 -3.69092e-06
29.8423 0.272773 0 0 -0.0417567 -0.0378861 -0.2204 -0.336328 -3.6633e-06
29.8423 0.273774 0 0 -0.0414349 -0.0375802 -0.220492 -0.33801 -3.63569e-06
29.8423 0.274775 0 0 -0.041113 -0.0372743 -0.220584 -0.339693 -3.60807e-06
29.8423 0.275776 0 0 -0.0407911 -0.0369683 -0.220676 -0.341376 -3.58046e-06
29.8423 0.276777 0 0 -0.0404693 -0.0366624 -0.220768 -0.343058 -3.55284e-06
29.8423 0.277778 0 0 -0.0401474 -0.0363565 -0.22086 -0.344741 -3.52523e-06
29.8423 0.278779 0 0 -0.0398256 -0.0360506 -0.220952 -0.346424 -3.49761e-06
29.8423 0.27978 0 0 -0.0395037 -0.0357446 -0.221044 -0.348106 -3.47e-06
29.8423 0.280781 0 0 -0.0391819 -0.0354387 -0.221136 -0.349789 -3.44238e-06
29.8423 0.281782 0 0 -0.0388505 -0.0351354 -0.221137 -0.351387 -3.41267e-06
29.8423 0.282783 0 0 -0.0385107 -0.0348344 -0.221058 -0.352911 -3.3811e-06
29.8423 0.283784 0 0 -0.038171 -0.0345334 -0.220979 -0.354434 -3.34953e-06
29.8423 0.284785 0 0 -0.0378313 -0.0342324 -0.2209 -0.355958 -3.31796e-06
29.8423 0.285786 0 0 -0.0374915 -0.0339314 -0.220821 -0.357482 -3.28639e-06
29.8423 0.286787 0 0 -0.0371518 -0.0336304 -0.220741 -0.359005 -3.25482e-06
29.8423 0.287788 0 0 -0.036812 -0.0333294 -0.220662 -0.360529 -3.22325e-06
29.8423 0.288789 0 0 -0.0364723 -0.0330284 -0.220583 -0.362052 -3.19168e-06
29.8423 0.28979 0 0 -0.0361325 -0.0327274 -0.220504 -0.363576 -3.16011e-06
29.8423 0.290791 0 0 -0.0357928 -0.0324264 -0.220424 -0.365099 -3.12854e-06
29.8423 0.291792 0 0 -0.035453 -0.0321254 -0.220345 -0.366623 -3.09697e-06
29.8423 0.292793 0 0 -0.0351133 -0.0318244 -0.220266 -0.368146 -3.0654e-06
29.8423 0.293794 0 0 -0.0347735 -0.0315234 -0.220187 -0.36967 -3.03383e-06
29.8423 0.294795 0 0 -0.0344338 -0.0312224 -0.220107 -0.371194 -3.00226e-06
29.8423 0.295796 0 0 -0.034094 -0.0309214 -0.220028 -0.372717 -2.97069e-06
29.8423 0.296797 0 0 -0.0337543 -0.0306204 -0.219949 -0.374241 -2.93912e-06
29.8423 0.297798 0 0 -0.0334056 -0.0303342 -0.219667 -0.375517 -2.90466e-06
29.8423 0.298799 0 0 -0.0330563 -0.0300493 -0.219368 -0.376773 -2.86996e-06
29.8423 0.2998 0 0 -0.0327069 -0.0297644 -0.219069 -0.378028 -2.83526e-06
29.8423 0.300801 0 0 -0.0323575 -0.0294794 -0.21877 -0.379284 -2.80055e-06
29.8423 0.301802 0 0 -0.0320081 -0.0291945 -0.218471 -0.380539 -2.76585e-06
29.8423 0.302803 0 0 -0.0316587 -0.0289096 -0.218172 -0.381794 -2.73115e-06
29.8423 0.303804 0 0 -0.0313093 -0.0286246 -0.217873 -0.38305 -2.69644e-06
29.8423 0.304805 0 0 -0.0309599 -0.0283397 -0.217574 -0.384305 -2.66174e-06
29.8423 0.305806 0 0 -0.0306105 -0.0280548 -0.217275 -0.385561 -2.62704e-06
29.8423 0.306807 0 0 -0.0302611 -0.0277698 -0.216976 -0.386816 -2.59233e-06
29.8423 0.307808 0 0 -0.0299117 -0.0274849 -0.216677 -0.388072 -2.55763e-06
29.8423 0.308809 0 0 -0.0295624 -0.0272 -0.216378 -0.389327 -2.52292e-06
29.8423 0.30981 0 0 -0.029213 -0.026915 -0.216079 -0.390583 -2.48822e-06
29.8423 0.310811 0 0 -0.0288636 -0.0266301 -0.21578 -0.391838 -2.45352e-06
29.8423 0.311812 0 0 -0.0285142 -0.0263452 -0.215481 -0.393094 -2.41881e-06
29.8423 0.312813 0 0 -0.0281654 -0.0260686 -0.2151 -0.394226 -2.38359e-06
29.8423 0.313814 0 0 -0.0278178 -0.0258103 -0.214539 -0.395087 -2.34721e-06
29.8423 0.314815 0 0 -0.0274702 -0.0255521 -0.213978 -0.395947 -2.31084e-06
29.8423 0.315816 0 0 -0.0271226 -0.0252938 -0.213417 -0.396808 -2.27446e-06
29.8423 0.316817 0 0 -0.026775 -0.0250356 -0.212856 -0.397669 -2.23808e-06
29.8423 0.317818 0 0 -0.0264274 -0.0247774 -0.212295 -0.39853 -2.20171e-06
29.8423 0.318819 0 0 -0.0260798 -0.0245191 -0.211734 -0.399391 -2.16533e-06
29.8423 0.31982 0 0 -0.0257322 -0.0242609 -0.211172 -0.400252 -2.12896e-06
29.8423 0.320821 0 0 -0.0253846 -0.0240027 -0.210611 -0.401113 -2.09258e-06
29.8423 0.321822 0 0 -0.025037 -0.0237444 -0.21005 -0.401974 -2.05621e-06
29.8423 0.322823 0 0 -0.0246894 -0.0234862 -0.209489 -0.402834 -2.01983e-06
29.8423 0.323824 0 0 -0.0243418 -0.0232279 -0.208928 -0.403695 -1.98345e-06
29.8423 0.324825 0 0 -0.0239942 -0.0229697 -0.208367 -0.404556 -1.94708e-06
29.8423 0.325826 0 0 -0.0236466 -0.0227115 -0.207806 -0.405417 -1.9107e-06
29.8423 0.326827 0 0 -0.023299 -0.0224532 -0.207245 -0.406278 -1.87433e-06
29.8423 0.327828 0 0 -0.0229514 -0.022195 -0.206684 -0.407139 -1.83795e-06
29.8423 0.328829 0 0 -0.0226151 -0.0219612 -0.205919 -0.407629 -1.80183e-06
29.8423 0.32983 0 0 -0.0222835 -0.0217377 -0.205069 -0.407963 -1.76583e-06
29.8423 0.330831 0 0 -0.0219519 -0.0215143 -0.204219 -0.408298 -1.72982e-06
29.8423 0.331832 0 0 -0.0216203 -0.0212908 -0.203368 -0.408632 -1.69381e-06
29.8423 0.332833 0 0 -0.0212888 -0.0210673 -0.202518 -0.408966 -1.6578e-06
29.8423 0.333834 0 0 -0.0209572 -0.0208438 -0.201667 -0.4093 -1.62179e-06
29.8423 0.334835 0 0 -0.0206256 -0.0206204 -0.200817 -0.409635 -1.58578e-06
29.8423 0.335836 0 0 -0.0202941 -0.0203969 -0.199967 -0.409969 -1.54977e-06
29.8423 0.336837 0 0 -0.0199625 -0.0201734 -0.199116 -0.410303 -1.51376e-06
29.8423 0.337838 0 0 -0.0196309 -0.01995 -0.198266 -0.410637 -1.47775e-06
29.8423 0.338839 0 0 -0.0192993 -0.0197265 -0.197415 -0.410972 -1.44174e-06
29.8423 0.33984 0 0 -0.0189678 -0.019503 -0.196565 -0.411306 -1.40573e-06
29.8423 0.340841 0 0 -0.0186362 -0.0192796 -0.195714 -0.41164 -1.36972e-06
29.8423 0.341842 0 0 -0.0183046 -0.0190561 -0.194864 -0.411974 -1.33371e-06
29.8423 0.342843 0 0 -0.017973 -0.0188326 -0.194014 -0.412308 -1.29771e-06
29.8423 0.343844 0 0 -0.0176445 -0.0186128 -0.193136 -0.412582 -1.26195e-06
29.8423 0.344845 0 0 -0.0173447 -0.0184276 -0.191993 -0.41227 -1.22869e-06
29.8423 0.345846 0 0 -0.017045 -0.0182425 -0.19085 -0.411958 -1.19543e-06
29.8423 0.346847 0 0 -0.0167453 -0.0180574 -0.189707 -0.411646 -1.16216e-06
29.8423 0.347848 0 0 -0.0164456 -0.0178723 -0.188564 -0.411334 -1.1289e-06
29.8423 0.348849 0 0 -0.0161458 -0.0176872 -0.187421 -0.411022 -1.09563e-06
29.8423 0.34985 0 0 -0.0158461 -0.017502 -0.186278 -0.41071 -1.06237e-06
29.8423 0.350851 0 0 -0.0155464 -0.0173169 -0.185135 -0.410398 -1.0291e-06
29.8423 0.351852 0 0 -0.0152467 -0.0171318 -0.183992 -0.410086 -9.95841e-07
29.8423 0.352853 0 0 -0.0149469 -0.0169467 -0.182849 -0.409774 -9.62576e-07
29.8423 0.353854 0 0 -0.0146472 -0.0167616 -0.181706 -0.409462 -9.29312e-07
29.8423 0.354855 0 0 -0.0143475 -0.0165764 -0.180564 -0.40915 -8.96048e-07
29.8423 0.355856 0 0 -0.0140478 -0.0163913 -0.179421 -0.408838 -8.62784e-07
29.8423 0.356857 0 0 -0.013748 -0.0162062 -0.178278 -0.408526 -8.2952e-07
29.8423 0.357858 0 0 -0.0134483 -0.0160211 -0.177135 -0.408214 -7.96256e-07
29.8423 0.358859 0 0 -0.0131486 -0.0158359 -0.175992 -0.407902 -7.62991e-07
29.8423 0.35986 0 0 -0.0128717 -0.0156684 -0.174721 -0.407235 -7.32188e-07
29.8423 0.360861 0 0 -0.0126192 -0.0155196 -0.173314 -0.406192 -7.04001e-07
29.8423 0.361862 0 0 -0.0123666 -0.0153707 -0.171907 -0.405148 -6.75815e-07
29.8423 0.362863 0 0 -0.0121141 -0.0152219 -0.170499 -0.404104 -6.47629e-07
29.8423 0.363864 0 0 -0.0118615 -0.0150731 -0.169092 -0.40306 -6.19443e-07
29.8423 0.364865 0 0 -0.011609 -0.0149242 -0.167685 -0.402016 -5.91256e-07
29.8423 0.365866 0 0 -0.0113564 -0.0147754 -0.166278 -0.400973 -5.6307e-07
29.8423 0.366867 0 0 -0.0111039 -0.0146266 -0.164871 -0.399929 -5.34884e-07
29.8423 0.367868 0 0 -0.0108513 -0.0144777 -0.163464 -0.398885 -5.06698e-07
29.8423 0.368869 0 0 -0.0105988 -0.0143289 -0.162056 -0.397841 -4.78512e-07
29.8423 0.36987 0 0 -0.0103462 -0.0141801 -0.160649 -0.396797 -4.50325e-07
29.8423 0.370871 0 0 -0.0100937 -0.0140312 -0.159242 -0.395754 -4.22139e-07
29.8423 0.371872 0 0 -0.00984111 -0.0138824 -0.157835 -0.39471 -3.93953e-07
29.8423 0.372873 0 0 -0.00958856 -0.0137336 -0.156428 -0.393666 -3.65767e-07
29.8423 0.373874 0 0 -0.00933601 -0.0135847 -0.155021 -0.392622 -3.3758e-07
29.8423 0.374875 0 0 -0.00908346 -0.0134359 -0.153613 -0.391578 -3.09394e-07
29.8423 0.375876 0 0 -0.00888287 -0.0133122 -0.15203 -0.389868 -2.87258e-07
29.8423 0.376877 0 0 -0.0086897 -0.0131922 -0.150421 -0.388061 -2.65985e-07
29.8423 0.377878 0 0 -0.00849653 -0.0130721 -0.148812 -0.386255 -2.44713e-07
29.8423 0.378879 0 0 -0.00830335 -0.0129521 -0.147203 -0.384449 -2.2344e-07
29.8423 0.37988 0 0 -0.00811018 -0.012832 -0.145594 -0.382643 -2.02167e-07
29.8423 0.380881 0 0 -0.00791701 -0.012712 -0.143985 -0.380837 -1.80895e-07
29.8423 0.381882 0 0 -0.00772384 -0.0125919 -0.142376 -0.379031 -1.59622e-07
29.8423 0.382883 0 0 -0.00753067 -0.0124718 -0.140767 -0.377225 -1.38349e-07
29.8423 0.383884 0 0 -0.00733749 -0.0123518 -0.139159 -0.375419 -1.17076e-07
29.8423 0.384885 0 0 -0.00714432 -0.0122317 -0.13755 -0.373613 -9.58036e-08
29.8423 0.385886 0 0 -0.00695115 -0.0121117 -0.135941 -0.371807 -7.45309e-08
29.8423 0.386887 0 0 -0.00675798 -0.0119916 -0.134332 -0.370001 -5.32581e-08
29.8423 0.387888 0 0 -0.00656481 -0.0118716 -0.132723 -0.368195 -3.19854e-08
29.8423 0.388889 0 0 -0.00637164 -0.0117515 -0.131114 -0.366389 -1.07127e-08
29.8423 0.38989 0 0 -0.00617846 -0.0116314 -0.129505 -0.364583 1.05601e-08
29.8423 0.390891 0 0 -0.00600282 -0.011516 -0.127867 -0.362584 2.97454e-08
29.8423 0.391892 0 0 -0.00587561 -0.0114134 -0.12615 -0.360056 4.31632e-08
29.8423 0.392893 0 0 -0.0057484 -0.0113108 -0.124433 -0.357527 5.65809e-08
29.8423 0.393894 0 0 -0.00562119 -0.0112081 -0.122716 -0.354999 6.99986e-08
29.8423 0.394895 0 0 -0.00549398 -0.0111055 -0.120999 -0.352471 8.34163e-08
29.8423 0.395896 0 0 -0.00536677 -0.0110029 -0.119281 -0.349942 9.6834e-08
29.8423 0.396897 0 0 -0.00523956 -0.0109003 -0.117564 -0.347414 1.10252e-07
29.8423 0.397898 0 0 -0.00511235 -0.0107976 -0.115847 -0.344885 1.23669e-07
29.8423 0.398899 0 0 -0.00498514 -0.010695 -0.11413 -0.342357 1.37087e-07
29.8423 0.3999 0 0 -0.00485793 -0.0105924 -0.112413 -0.339828 1.50505e-07
29.8423 0.400901 0 0 -0.00473072 -0.0104898 -0.110695 -0.3373 1.63923e-07
29.8423 0.401902 0 0 -0.00460351 -0.0103871 -0.108978 -0.334771 1.7734e-07
29.8423 0.402903 0 0 -0.0044763 -0.0102845 -0.107261 -0.332243 1.90758e-07
29.8423 0.403904 0 0 -0.00434909 -0.0101819 -0.105544 -0.329714 2.04176e-07
29.8423 0.404905 0 0 -0.00422188 -0.0100793 -0.103827 -0.327186 2.17593e-07
29.8423 0.405906 0 0 -0.00409467 -0.00997664 -0.102109 -0.324657 2.31011e-07
29.8423 0.406907 0 0 -0.00401042 -0.00987752 -0.100396 -0.32173 2.39391e-07
29.8423 0.407908 0 0 -0.00394866 -0.00978024 -0.0986856 -0.318594 2.45132e-07
29.8423 0.408909 0 0 -0.0038869 -0.00968296 -0.0969749 -0.315457 2.50873e-07
29.8423 0.40991 0 0 -0.00382514 -0.00958568 -0.0952641 -0.312321 2.56615e-07
29.8423 0.410911 0 0 -0.00376338 -0.00948841 -0.0935533 -0.309185 2.62356e-07
29.8423 0.411912 0 0 -0.00370162 -0.00939113 -0.0918426 -0.306049 2.68098e-07
29.8423 0.412913 0 0 -0.00363986 -0.00929385 -0.0901318 -0.302912 2.73839e-07
29.8423 0.413914 0 0 -0.0035781 -0.00919657 -0.088421 -0.299776 2.79581e-07
29.8423 0.414915 0 0 -0.00351634 -0.00909929 -0.0867102 -0.29664 2.85322e-07
29.8423 0.415916 0 0 -0.00345458 -0.00900201 -0.0849995 -0.293504 2.91064e-07
29.8423 0.416917 0 0 -0.00339282 -0.00890473 -0.0832887 -0.290367 2.96805e-07
29.8423 0.417918 0 0 -0.00333106 -0.00880745 -0.0815779 -0.287231 3.02546e-07
29.8423 0.418919 0 0 -0.0032693 -0.00871017 -0.0798672 -0.284095 3.08288e-07
29.8423 0.41992 0 0 -0.00320754 -0.00861289 -0.0781564 -0.280959 3.14029e-07
29.8423 0.420921 0 0 -0.00314578 -0.00851561 -0.0764456 -0.277822 3.19771e-07
29.8423 0.421922 0 0 -0.00308672 -0.00841814 -0.0747408 -0.274666 3.25212e-07
29.8423 0.422923 0 0 -0.00308261 -0.00831676 -0.0731575 -0.271102 3.24552e-07
29.8423 0.423924 0 0 -0.0030785 -0.00821539 -0.0715743 -0.267539 3.23892e-07
29.8423 0.424925 0 0 -0.00307439 -0.00811401 -0.069991 -0.263975 3.23232e-07
29.8423 0.425926 0 0 -0.00307028 -0.00801264 -0.0684077 -0.260411 3.22572e-07
29.8423 0.426927 0 0 -0.00306617 -0.00791126 -0.0668244 -0.256848 3.21912e-07
29.8423 0.427928 0 0 -0.00306206 -0.00780988 -0.0652412 -0.253284 3.21252e-07
29.8423 0.428929 0 0 -0.00305795 -0.00770851 -0.0636579 -0.24972 3.20592e-07
29.8423 0.42993 0 0 -0.00305384 -0.00760713 -0.0620746 -0.246157 3.19932e-07
29.8423 0.430931 0 0 -0.00304973 -0.00750576 -0.0604913 -0.242593 3.19272e-07
29.8423 0.431932 0 0 -0.00304562 -0.00740438 -0.0589081 -0.239029 3.18612e-07
29.8423 0.432933 0 0 -0.00304151 -0.00730301 -0.0573248 -0.235466 3.17952e-07
29.8423 0.433934 0 0 -0.0030374 -0.00720163 -0.0557415 -0.231902 3.17292e-07
29.8423 0.434935 0 0 -0.00303329 -0.00710025 -0.0541582 -0.228338 3.16632e-07
29.8423 0.435936 0 0 -0.00302918 -0.00699888 -0.0525749 -0.224775 3.15972e-07
29.8423 0.436937 0 0 -0.00302507 -0.0068975 -0.0509917 -0.221211 3.15312e-07
29.8423 0.437938 0 0 -0.00304012 -0.00678966 -0.049512 -0.217558 3.12766e-07
29.8423 0.438939 0 0 -0.0030798 -0.00667351 -0.0481656 -0.213791 3.07794e-07
29.8423 0.43994 0 0 -0.00311949 -0.00655735 -0.0468191 -0.210024 3.02823e-07
29.8423 0.440941 0 0 -0.00315917 -0.0064412 -0.0454727 -0.206256 2.97851e-07
29.8423 0.441942 0 0 -0.00319885 -0.00632505 -0.0441263 -0.202489 2.92879e-07
29.8423 0.442943 0 0 -0.00323854 -0.00620889 -0.0427798 -0.198722 2.87908e-07
29.8423 0.443944 0 0 -0.00327822 -0.00609274 -0.0414334 -0.194954 2.82936e-07
29.8423 0.444945 0 0 -0.00331791 -0.00597659 -0.0400869 -0.191187 2.77965e-07
29.8423 0.445946 0 0 -0.00335759 -0.00586043 -0.0387405 -0.18742 2.72993e-07
29.8423 0.446947 0 0 -0.00339727 -0.00574428 -0.037394 -0.183653 2.68021e-07
29.8423 0.447948 0 0 -0.00343696 -0.00562813 -0.0360476 -0.179885 2.6305e-07
29.8423 0.448949 0 0 -0.00347664 -0.00551197 -0.0347012 -0.176118 2.58078e-07
29.8423 0.44995 0 0 -0.00351632 -0.00539582 -0.0333547 -0.172351 2.53107e-07
29.8423 0.450951 0 0 -0.00355601 -0.00527967 -0.0320083 -0.168584 2.48135e-07
29.8423 0.451952 0 0 -0.00359569 -0.00516351 -0.0306618 -0.164816 2.43163e-07
29.8423 0.452953 0 0 -0.00363538 -0.00504736 -0.0293154 -0.161049 2.38192e-07
29.8423 0.453954 0 0 -0.00370097 -0.00490804 -0.0282407 -0.157309 2.31794e-07
29.8423 0.454955 0 0 -0.00377195 -0.0047639 -0.0272225 -0.153574 2.251e-07
29.8423 0.455956 0 0 -0.00384292 -0.00461977 -0.0262042 -0.14984 2.18406e-07
29.8423 0.456957 0 0 -0.0039139 -0.00447564 -0.025186 -0.146105 2.11712e-07
29.8423 0.457958 0 0 -0.00398487 -0.00433151 -0.0241677 -0.14237 2.05018e-07
29.8423 0.458959 0 0 -0.00405585 -0.00418738 -0.0231495 -0.138636 1.98324e-07
29.8423 0.45996 0 0 -0.00412683 -0.00404324 -0.0221312 -0.134901 1.9163e-07
29.8423 0.460961 0 0 -0.0041978 -0.00389911 -0.021113 -0.131167 1.84936e-07
29.8423 0.461962 0 0 -0.00426878 -0.00375498 -0.0200947 -0.127432 1.78243e-07
29.8423 0.462963 0 0 -0.00433975 -0.00361085 -0.0190765 -0.123697 1.71549e-07
29.8423 0.463964 0 0 -0.00441073 -0.00346671 -0.0180582 -0.119963 1.64855e-07
29.8423 0.464965 0 0 -0.0044817 -0.00332258 -0.01704 -0.116228 1.58161e-07
29.8423 0.465966 0 0 -0.00455268 -0.00317845 -0.0160217 -0.112493 1.51467e-07
29.8423 0.466967 0 0 -0.00462365 -0.00303432 -0.0150035 -0.108759 1.44773e-07
29.8423 0.467968 0 0 -0.00469463 -0.00289019 -0.0139852 -0.105024 1.38079e-07
29.8423 0.468969 0 0 -0.00477127 -0.00275746 -0.013058 -0.101344 1.31649e-07
29.8423 0.46997 0 0 -0.00486817 -0.00266546 -0.0124557 -0.0978603 1.26158e-07
29.8423 0.470971 0 0 -0.00496507 -0.00257347 -0.0118535 -0.0943761 1.20668e-07
29.8423 0.471972 0 0 -0.00506196 -0.00248147 -0.0112512 -0.090892 1.15178e-07
29.8423 0.472973 0 0 -0.00515886 -0.00238947 -0.010649 -0.0874078 1.09687e-07
29.8423 0.473974 0 0 -0.00525576 -0.00229748 -0.0100467 -0.0839237 1.04197e-07
29.8423 0.474975 0 0 -0.00535265 -0.00220548 -0.00944446 -0.0804396 9.87069e-08
29.8423 0.475976 0 0 -0.00544955 -0.00211348 -0.00884221 -0.0769554 9.32166e-08
29.8423 0.476977 0 0 -0.00554645 -0.00202149 -0.00823995 -0.0734713 8.77263e-08
29.8423 0.477978 0 0 -0.00564335 -0.00192949 -0.00763769 -0.0699871 8.22361e-08
29.8423 0.478979 0 0 -0.00574024 -0.00183749 -0.00703544 -0.066503 7.67458e-08
29.8423 0.47998 0 0 -0.00583714 -0.00174549 -0.00643318 -0.0630188 7.12555e-08
29.8423 0.480981 0 0 -0.00593404 -0.0016535 -0.00583093 -0.0595347 6.57652e-08
29.8423 0.481982 0 0 -0.00603093 -0.0015615 -0.00522867 -0.0560506 6.02749e-08
29.8423 0.482983 0 0 -0.00612783 -0.0014695 -0.00462641 -0.0525664 5.47846e-08
29.8423 0.483984 0 0 -0.00622473 -0.00137751 -0.00402416 -0.0490823 4.92943e-08
29.8423 0.484985 0 0 -0.00629589 -0.00133464 -0.00364099 -0.0458583 4.58942e-08
29.8423 0.485986 0 0 -0.00635056 -0.00132326 -0.00339826 -0.0428011 4.38338e-08
29.8423 0.486987 0 0 -0.00640522 -0.00131188 -0.00315553 -0.0397439 4.17733e-08
29.8423 0.487988 0 0 -0.00645989 -0.0013005 -0.00291279 -0.0366866 3.97129e-08
29.8423 0.488989 0 0 -0.00651456 -0.00128912 -0.00267006 -0.0336294 3.76525e-08
29.8423 0.48999 0 0 -0.00656922 -0.00127774 -0.00242733 -0.0305722 3.55921e-08
29.8423 0.490991 0 0 -0.00662389 -0.00126636 -0.0021846 -0.027515 3.35317e-08
29.8423 0.491992 0 0 -0.00667856 -0.00125498 -0.00194186 -0.0244578 3.14712e-08
29.8423 0.492993 0 0 -0.00673322 -0.0012436 -0.00169913 -0.0214005 2.94108e-08
29.8423 0.493994 0 0 -0.00678789 -0.00123222 -0.0014564 -0.0183433 2.73504e-08
29.8423 0.494995 0 0 -0.00684256 -0.00122084 -0.00121366 -0.0152861 2.529e-08
29.8423 0.495996 0 0 -0.00689722 -0.00120946 -0.000970931 -0.0122289 2.32296e-08
29.8423 0.496997 0 0 -0.00695189 -0.00119808 -0.000728198 -0.00917166 2.11691e-08
29.8423 0.497998 0 0 -0.00700656 -0.0011867 -0.000485466 -0.00611444 1.91087e-08
29.8423 0.498999 0 0 -0.00706122 -0.00117532 -0.000242733 -0.00305722 1.70483e-08
