# 1:t 2:x 3:y 4:z 5:P 6:Pmac 7:U 8:V 9:DU
23.9615 -0.5 0 0 0.00244553 -0.00367836 0 0 -2.19375e-09
23.9615 -0.498999 0 0 0.00243115 -0.00367624 -4.97919e-05 0.00246988 -2.21293e-09
23.9615 -0.497998 0 0 0.00241677 -0.00367411 -9.95838e-05 0.00493977 -2.23211e-09
23.9615 -0.496997 0 0 0.00240239 -0.00367199 -0.000149376 0.00740965 -2.25129e-09
23.9615 -0.495996 0 0 0.00238802 -0.00366987 -0.000199168 0.00987953 -2.27047e-09
23.9615 -0.494995 0 0 0.00237364 -0.00366775 -0.000248959 0.0123494 -2.28965e-09
23.9615 -0.493994 0 0 0.00235926 -0.00366562 -0.000298751 0.0148193 -2.30883e-09
23.9615 -0.492993 0 0 0.00234488 -0.0036635 -0.000348543 0.0172892 -2.32801e-09
23.9615 -0.491992 0 0 0.00233051 -0.00366138 -0.000398335 0.0197591 -2.34719e-09
23.9615 -0.490991 0 0 0.00231613 -0.00365926 -0.000448127 0.0222289 -2.36637e-09
23.9615 -0.48999 0 0 0.00230175 -0.00365713 -0.000497919 0.0246988 -2.38555e-09
23.9615 -0.488989 0 0 0.00228737 -0.00365501 -0.000547711 0.0271687 -2.40474e-09
23.9615 -0.487988 0 0 0.002273 -0.00365289 -0.000597503 0.0296386 -2.42392e-09
23.9615 -0.486987 0 0 0.00225862 -0.00365077 -0.000647295 0.0321085 -2.4431e-09
23.9615 -0.485986 0 0 0.00224424 -0.00364864 -0.000697087 0.0345784 -2.46228e-09
23.9615 -0.484985 0 0 0.00222986 -0.00364652 -0.000746878 0.0370482 -2.48146e-09
23.9615 -0.483984 0 0 0.00221049 -0.00364171 -0.000821632 0.0393875 -2.36157e-09
23.9615 -0.482983 0 0 0.00218331 -0.00363271 -0.000935328 0.0415228 -2.02472e-09
23.9615 -0.481982 0 0 0.00215614 -0.00362371 -0.00104902 0.0436581 -1.68787e-09
23.9615 -0.480981 0 0 0.00212897 -0.0036147 -0.00116272 0.0457935 -1.35102e-09
23.9615 -0.47998 0 0 0.00210179 -0.0036057 -0.00127642 0.0479288 -1.01417e-09
23.9615 -0.478979 0 0 0.00207462 -0.0035967 -0.00139011 0.0500642 -6.77319e-10
23.9615 -0.477978 0 0 0.00204745 -0.00358769 -0.00150381 0.0521995 -3.40468e-10
23.9615 -0.476977 0 0 0.00202028 -0.00357869 -0.0016175 0.0543349 -3.61801e-12
23.9615 -0.475976 0 0 0.0019931 -0.00356969 -0.0017312 0.0564702 3.33232e-10
23.9615 -0.474975 0 0 0.00196593 -0.00356068 -0.0018449 0.0586055 6.70083e-10
23.9615 -0.473974 0 0 0.00193876 -0.00355168 -0.00195859 0.0607409 1.00693e-09
23.9615 -0.472973 0 0 0.00191158 -0.00354268 -0.00207229 0.0628762 1.34378e-09
23.9615 -0.471972 0 0 0.00188441 -0.00353367 -0.00218598 0.0650116 1.68063e-09
23.9615 -0.470971 0 0 0.00185724 -0.00352467 -0.00229968 0.0671469 2.01748e-09
23.9615 -0.46997 0 0 0.00183006 -0.00351567 -0.00241338 0.0692823 2.35433e-09
23.9615 -0.468969 0 0 0.00180289 -0.00350667 -0.00252707 0.0714176 2.69119e-09
23.9615 -0.467968 0 0 0.00177785 -0.00349615 -0.00269996 0.0733131 3.77463e-09
23.9615 -0.466967 0 0 0.00175342 -0.0034852 -0.00288942 0.0751415 5.06715e-09
23.9615 -0.465966 0 0 0.00172898 -0.00347426 -0.00307888 0.0769699 6.35967e-09
23.9615 -0.464965 0 0 0.00170454 -0.00346331 -0.00326834 0.0787982 7.6522e-09
23.9615 -0.463964 0 0 0.0016801 -0.00345237 -0.00345781 0.0806266 8.94472e-09
23.9615 -0.462963 0 0 0.00165567 -0.00344142 -0.00364727 0.082455 1.02372e-08
23.9615 -0.461962 0 0 0.00163123 -0.00343048 -0.00383673 0.0842833 1.15298e-08
23.9615 -0.460961 0 0 0.00160679 -0.00341954 -0.00402619 0.0861117 1.28223e-08
23.9615 -0.45996 0 0 0.00158235 -0.00340859 -0.00421565 0.0879401 1.41148e-08
23.9615 -0.458959 0 0 0.00155792 -0.00339765 -0.00440512 0.0897684 1.54073e-08
23.9615 -0.457958 0 0 0.00153348 -0.0033867 -0.00459458 0.0915968 1.66999e-08
23.9615 -0.456957 0 0 0.00150904 -0.00337576 -0.00478404 0.0934252 1.79924e-08
23.9615 -0.455956 0 0 0.0014846 -0.00336481 -0.0049735 0.0952535 1.92849e-08
23.9615 -0.454955 0 0 0.00146017 -0.00335387 -0.00516296 0.0970819 2.05774e-08
23.9615 -0.453954 0 0 0.00143573 -0.00334293 -0.00535243 0.0989102 2.187e-08
23.9615 -0.452953 0 0 0.00141133 -0.00333321 -0.00555266 0.100691 2.33752e-08
23.9615 -0.451952 0 0 0.00138711 -0.00332939 -0.00580482 0.102242 2.59054e-08
23.9615 -0.450951 0 0 0.00136289 -0.00332557 -0.00605698 0.103794 2.84357e-08
23.9615 -0.44995 0 0 0.00133868 -0.00332175 -0.00630914 0.105345 3.09659e-08
23.9615 -0.448949 0 0 0.00131446 -0.00331793 -0.00656129 0.106896 3.34962e-08
23.9615 -0.447948 0 0 0.00129024 -0.00331412 -0.00681345 0.108448 3.60264e-08
23.9615 -0.446947 0 0 0.00126602 -0.0033103 -0.00706561 0.109999 3.85567e-08
23.9615 -0.445946 0 0 0.00124181 -0.00330648 -0.00731777 0.11155 4.10869e-08
23.9615 -0.444945 0 0 0.00121759 -0.00330266 -0.00756993 0.113102 4.36172e-08
23.9615 -0.443944 0 0 0.00119337 -0.00329884 -0.00782208 0.114653 4.61474e-08
23.9615 -0.442943 0 0 0.00116915 -0.00329503 -0.00807424 0.116205 4.86777e-08
23.9615 -0.441942 0 0 0.00114494 -0.00329121 -0.0083264 0.117756 5.1208e-08
23.9615 -0.440941 0 0 0.00112072 -0.00328739 -0.00857856 0.119307 5.37382e-08
23.9615 -0.43994 0 0 0.0010965 -0.00328357 -0.00883072 0.120859 5.62685e-08
23.9615 -0.438939 0 0 0.00107228 -0.00327975 -0.00908287 0.12241 5.87987e-08
23.9615 -0.437938 0 0 0.00104807 -0.00327594 -0.00933503 0.123961 6.1329e-08
23.9615 -0.436937 0 0 0.0010223 -0.00327701 -0.00961702 0.125374 6.45756e-08
23.9615 -0.435936 0 0 0.000995325 -0.00328188 -0.00992221 0.12668 6.83797e-08
23.9615 -0.434935 0 0 0.000968351 -0.00328676 -0.0102274 0.127986 7.21837e-08
23.9615 -0.433934 0 0 0.000941378 -0.00329163 -0.0105326 0.129291 7.59878e-08
23.9615 -0.432933 0 0 0.000914405 -0.00329651 -0.0108378 0.130597 7.97918e-08
23.9615 -0.431932 0 0 0.000887431 -0.00330138 -0.011143 0.131902 8.35959e-08
23.9615 -0.430931 0 0 0.000860458 -0.00330626 -0.0114482 0.133208 8.73999e-08
23.9615 -0.42993 0 0 0.000833485 -0.00331113 -0.0117534 0.134513 9.1204e-08
23.9615 -0.428929 0 0 0.000806511 -0.00331601 -0.0120585 0.135819 9.5008e-08
23.9615 -0.427928 0 0 0.000779538 -0.00332089 -0.0123637 0.137124 9.88121e-08
23.9615 -0.426927 0 0 0.000752565 -0.00332576 -0.0126689 0.13843 1.02616e-07
23.9615 -0.425926 0 0 0.000725592 -0.00333064 -0.0129741 0.139736 1.0642e-07
23.9615 -0.424925 0 0 0.000698618 -0.00333551 -0.0132793 0.141041 1.10224e-07
23.9615 -0.423924 0 0 0.000671645 -0.00334039 -0.0135845 0.142347 1.14028e-07
23.9615 -0.422923 0 0 0.000644672 -0.00334526 -0.0138897 0.143652 1.17832e-07
23.9615 -0.421922 0 0 0.000617698 -0.00335014 -0.0141949 0.144958 1.21636e-07
23.9615 -0.420921 0 0 0.000586613 -0.00336373 -0.0145434 0.146059 1.26491e-07
23.9615 -0.41992 0 0 0.000555324 -0.00337775 -0.0148941 0.14715 1.31398e-07
23.9615 -0.418919 0 0 0.000524036 -0.00339177 -0.0152447 0.148242 1.36305e-07
23.9615 -0.417918 0 0 0.000492747 -0.00340579 -0.0155954 0.149333 1.41212e-07
23.9615 -0.416917 0 0 0.000461459 -0.00341981 -0.015946 0.150424 1.46119e-07
23.9615 -0.415916 0 0 0.00043017 -0.00343383 -0.0162967 0.151515 1.51026e-07
23.9615 -0.414915 0 0 0.000398882 -0.00344784 -0.0166473 0.152607 1.55933e-07
23.9615 -0.413914 0 0 0.000367594 -0.00346186 -0.016998 0.153698 1.6084e-07
23.9615 -0.412913 0 0 0.000336305 -0.00347588 -0.0173486 0.154789 1.65747e-07
23.9615 -0.411912 0 0 0.000305017 -0.0034899 -0.0176993 0.15588 1.70654e-07
23.9615 -0.410911 0 0 0.000273728 -0.00350392 -0.01805 0.156972 1.75561e-07
23.9615 -0.40991 0 0 0.00024244 -0.00351794 -0.0184006 0.158063 1.80468e-07
23.9615 -0.408909 0 0 0.000211152 -0.00353196 -0.0187513 0.159154 1.85374e-07
23.9615 -0.407908 0 0 0.000179863 -0.00354598 -0.0191019 0.160245 1.90281e-07
23.9615 -0.406907 0 0 0.000148575 -0.00356 -0.0194526 0.161337 1.95188e-07
23.9615 -0.405906 0 0 0.000115348 -0.00357741 -0.0198163 0.162364 2.00364e-07
23.9615 -0.404905 0 0 7.8419e-05 -0.00360131 -0.020205 0.163272 2.06052e-07
23.9615 -0.403904 0 0 4.14901e-05 -0.0036252 -0.0205936 0.164179 2.11741e-07
23.9615 -0.402903 0 0 4.56122e-06 -0.0036491 -0.0209823 0.165086 2.1743e-07
23.9615 -0.401902 0 0 -3.23677e-05 -0.00367299 -0.021371 0.165993 2.23118e-07
23.9615 -0.400901 0 0 -6.92966e-05 -0.00369688 -0.0217597 0.1669 2.28807e-07
23.9615 -0.3999 0 0 -0.000106225 -0.00372078 -0.0221484 0.167808 2.34496e-07
23.9615 -0.398899 0 0 -0.000143154 -0.00374467 -0.022537 0.168715 2.40184e-07
23.9615 -0.397898 0 0 -0.000180083 -0.00376857 -0.0229257 0.169622 2.45873e-07
23.9615 -0.396897 0 0 -0.000217012 -0.00379246 -0.0233144 0.170529 2.51562e-07
23.9615 -0.395896 0 0 -0.000253941 -0.00381636 -0.0237031 0.171436 2.5725e-07
23.9615 -0.394895 0 0 -0.00029087 -0.00384025 -0.0240917 0.172344 2.62939e-07
23.9615 -0.393894 0 0 -0.000327799 -0.00386414 -0.0244804 0.173251 2.68628e-07
23.9615 -0.392893 0 0 -0.000364728 -0.00388804 -0.0248691 0.174158 2.74316e-07
23.9615 -0.391892 0 0 -0.000401657 -0.00391193 -0.0252578 0.175065 2.80005e-07
23.9615 -0.390891 0 0 -0.000438586 -0.00393583 -0.0256464 0.175972 2.85694e-07
23.9615 -0.38989 0 0 -0.000480552 -0.00396739 -0.0260578 0.176765 2.91651e-07
23.9615 -0.388889 0 0 -0.000524341 -0.00400173 -0.0264775 0.177516 2.97706e-07
23.9615 -0.387888 0 0 -0.00056813 -0.00403607 -0.0268971 0.178267 3.03762e-07
23.9615 -0.386887 0 0 -0.00061192 -0.00407041 -0.0273167 0.179018 3.09817e-07
23.9615 -0.385886 0 0 -0.000655709 -0.00410474 -0.0277363 0.179769 3.15872e-07
23.9615 -0.384885 0 0 -0.000699498 -0.00413908 -0.028156 0.18052 3.21927e-07
23.9615 -0.383884 0 0 -0.000743287 -0.00417342 -0.0285756 0.181271 3.27982e-07
23.9615 -0.382883 0 0 -0.000787077 -0.00420776 -0.0289952 0.182022 3.34037e-07
23.9615 -0.381882 0 0 -0.000830866 -0.0042421 -0.0294149 0.182773 3.40092e-07
23.9615 -0.380881 0 0 -0.000874655 -0.00427644 -0.0298345 0.183524 3.46147e-07
23.9615 -0.37988 0 0 -0.000918444 -0.00431078 -0.0302541 0.184275 3.52202e-07
23.9615 -0.378879 0 0 -0.000962234 -0.00434512 -0.0306737 0.185026 3.58257e-07
23.9615 -0.377878 0 0 -0.00100602 -0.00437946 -0.0310934 0.185777 3.64312e-07
23.9615 -0.376877 0 0 -0.00104981 -0.00441379 -0.031513 0.186528 3.70367e-07
23.9615 -0.375876 0 0 -0.0010936 -0.00444813 -0.0319326 0.187279 3.76422e-07
23.9615 -0.374875 0 0 -0.00113838 -0.00448382 -0.0323553 0.188013 3.82466e-07
23.9615 -0.373874 0 0 -0.00119005 -0.00452894 -0.0327995 0.188633 3.88429e-07
23.9615 -0.372873 0 0 -0.00124173 -0.00457406 -0.0332436 0.189252 3.94391e-07
23.9615 -0.371872 0 0 -0.00129341 -0.00461917 -0.0336878 0.189871 4.00354e-07
23.9615 -0.370871 0 0 -0.00134508 -0.00466429 -0.034132 0.190491 4.06316e-07
23.9615 -0.36987 0 0 -0.00139676 -0.00470941 -0.0345761 0.19111 4.12279e-07
23.9615 -0.368869 0 0 -0.00144843 -0.00475453 -0.0350203 0.19173 4.18242e-07
23.9615 -0.367868 0 0 -0.00150011 -0.00479965 -0.0354645 0.192349 4.24204e-07
23.9615 -0.366867 0 0 -0.00155179 -0.00484477 -0.0359087 0.192968 4.30167e-07
23.9615 -0.365866 0 0 -0.00160346 -0.00488989 -0.0363528 0.193588 4.3613e-07
23.9615 -0.364865 0 0 -0.00165514 -0.00493501 -0.036797 0.194207 4.42092e-07
23.9615 -0.363864 0 0 -0.00170682 -0.00498013 -0.0372412 0.194826 4.48055e-07
23.9615 -0.362863 0 0 -0.00175849 -0.00502525 -0.0376853 0.195446 4.54017e-07
23.9615 -0.361862 0 0 -0.00181017 -0.00507037 -0.0381295 0.196065 4.5998e-07
23.9615 -0.360861 0 0 -0.00186185 -0.00511549 -0.0385737 0.196684 4.65943e-07
23.9615 -0.35986 0 0 -0.00191352 -0.0051606 -0.0390178 0.197304 4.71905e-07
23.9615 -0.358859 0 0 -0.0019697 -0.00521137 -0.0394717 0.197866 4.77583e-07
23.9615 -0.357858 0 0 -0.0020301 -0.00526746 -0.0399348 0.198374 4.82992e-07
23.9615 -0.356857 0 0 -0.0020905 -0.00532354 -0.0403978 0.198882 4.88401e-07
23.9615 -0.355856 0 0 -0.0021509 -0.00537962 -0.0408609 0.199391 4.93811e-07
23.9615 -0.354855 0 0 -0.0022113 -0.0054357 -0.0413239 0.199899 4.9922e-07
23.9615 -0.353854 0 0 -0.0022717 -0.00549178 -0.041787 0.200407 5.04629e-07
23.9615 -0.352853 0 0 -0.0023321 -0.00554786 -0.04225 0.200916 5.10038e-07
23.9615 -0.351852 0 0 -0.0023925 -0.00560394 -0.042713 0.201424 5.15448e-07
23.9615 -0.350851 0 0 -0.0024529 -0.00566002 -0.0431761 0.201932 5.20857e-07
23.9615 -0.34985 0 0 -0.0025133 -0.0057161 -0.0436391 0.202441 5.26266e-07
23.9615 -0.348849 0 0 -0.00257371 -0.00577219 -0.0441022 0.202949 5.31675e-07
23.9615 -0.347848 0 0 -0.00263411 -0.00582827 -0.0445652 0.203457 5.37085e-07
23.9615 -0.346847 0 0 -0.00269451 -0.00588435 -0.0450283 0.203966 5.42494e-07
23.9615 -0.345846 0 0 -0.00275491 -0.00594043 -0.0454913 0.204474 5.47903e-07
23.9615 -0.344845 0 0 -0.00281531 -0.00599651 -0.0459544 0.204982 5.53312e-07
23.9615 -0.343844 0 0 -0.00287571 -0.00605259 -0.0464174 0.205491 5.58722e-07
23.9615 -0.342843 0 0 -0.00294463 -0.00611868 -0.0468931 0.205913 5.63237e-07
23.9615 -0.341842 0 0 -0.00301443 -0.0061858 -0.0473701 0.206327 5.67661e-07
23.9615 -0.340841 0 0 -0.00308422 -0.00625292 -0.0478471 0.206741 5.72084e-07
23.9615 -0.33984 0 0 -0.00315402 -0.00632005 -0.0483241 0.207155 5.76507e-07
23.9615 -0.338839 0 0 -0.00322382 -0.00638717 -0.0488011 0.207569 5.8093e-07
23.9615 -0.337838 0 0 -0.00329362 -0.00645429 -0.0492781 0.207982 5.85353e-07
23.9615 -0.336837 0 0 -0.00336342 -0.00652141 -0.0497551 0.208396 5.89776e-07
23.9615 -0.335836 0 0 -0.00343322 -0.00658854 -0.0502321 0.20881 5.942e-07
23.9615 -0.334835 0 0 -0.00350302 -0.00665566 -0.0507091 0.209224 5.98623e-07
23.9615 -0.333834 0 0 -0.00357282 -0.00672278 -0.0511861 0.209638 6.03046e-07
23.9615 -0.332833 0 0 -0.00364262 -0.00678991 -0.0516631 0.210051 6.07469e-07
23.9615 -0.331832 0 0 -0.00371242 -0.00685703 -0.0521401 0.210465 6.11892e-07
23.9615 -0.330831 0 0 -0.00378222 -0.00692415 -0.052617 0.210879 6.16315e-07
23.9615 -0.32983 0 0 -0.00385202 -0.00699127 -0.053094 0.211293 6.20739e-07
23.9615 -0.328829 0 0 -0.00392182 -0.0070584 -0.053571 0.211707 6.25162e-07
23.9615 -0.327828 0 0 -0.00399456 -0.0071288 -0.0540509 0.212096 6.29178e-07
23.9615 -0.326827 0 0 -0.00407429 -0.00720697 -0.0545377 0.212428 6.3223e-07
23.9615 -0.325826 0 0 -0.00415401 -0.00728514 -0.0550244 0.212759 6.35282e-07
23.9615 -0.324825 0 0 -0.00423374 -0.00736331 -0.0555111 0.213091 6.38334e-07
23.9615 -0.323824 0 0 -0.00431347 -0.00744148 -0.0559979 0.213423 6.41386e-07
23.9615 -0.322823 0 0 -0.00439319 -0.00751965 -0.0564846 0.213754 6.44438e-07
23.9615 -0.321822 0 0 -0.00447292 -0.00759782 -0.0569714 0.214086 6.47491e-07
23.9615 -0.320821 0 0 -0.00455265 -0.00767599 -0.0574581 0.214417 6.50543e-07
23.9615 -0.31982 0 0 -0.00463238 -0.00775416 -0.0579448 0.214749 6.53595e-07
23.9615 -0.318819 0 0 -0.0047121 -0.00783233 -0.0584316 0.215081 6.56647e-07
23.9615 -0.317818 0 0 -0.00479183 -0.0079105 -0.0589183 0.215412 6.59699e-07
23.9615 -0.316817 0 0 -0.00487156 -0.00798867 -0.059405 0.215744 6.62751e-07
23.9615 -0.315816 0 0 -0.00495128 -0.00806684 -0.0598918 0.216076 6.65803e-07
23.9615 -0.314815 0 0 -0.00503101 -0.00814501 -0.0603785 0.216407 6.68855e-07
23.9615 -0.313814 0 0 -0.00511074 -0.00822318 -0.0608653 0.216739 6.71907e-07
23.9615 -0.312813 0 0 -0.00519046 -0.00830135 -0.061352 0.217071 6.74959e-07
23.9615 -0.311812 0 0 -0.00527729 -0.00838708 -0.061843 0.217352 6.76845e-07
23.9615 -0.310811 0 0 -0.00536733 -0.00847624 -0.0623359 0.21761 6.78199e-07
23.9615 -0.30981 0 0 -0.00545738 -0.00856541 -0.0628288 0.217868 6.79554e-07
23.9615 -0.308809 0 0 -0.00554743 -0.00865457 -0.0633217 0.218126 6.80909e-07
23.9615 -0.307808 0 0 -0.00563748 -0.00874374 -0.0638146 0.218384 6.82263e-07
23.9615 -0.306807 0 0 -0.00572753 -0.0088329 -0.0643075 0.218642 6.83618e-07
23.9615 -0.305806 0 0 -0.00581758 -0.00892207 -0.0648005 0.2189 6.84972e-07
23.9615 -0.304805 0 0 -0.00590763 -0.00901123 -0.0652934 0.219158 6.86327e-07
23.9615 -0.303804 0 0 -0.00599768 -0.00910039 -0.0657863 0.219416 6.87682e-07
23.9615 -0.302803 0 0 -0.00608773 -0.00918956 -0.0662792 0.219675 6.89036e-07
23.9615 -0.301802 0 0 -0.00617777 -0.00927872 -0.0667721 0.219933 6.90391e-07
23.9615 -0.300801 0 0 -0.00626782 -0.00936789 -0.067265 0.220191 6.91745e-07
23.9615 -0.2998 0 0 -0.00635787 -0.00945705 -0.0677579 0.220449 6.931e-07
23.9615 -0.298799 0 0 -0.00644792 -0.00954622 -0.0682509 0.220707 6.94455e-07
23.9615 -0.297798 0 0 -0.00653797 -0.00963538 -0.0687438 0.220965 6.95809e-07
23.9615 -0.296797 0 0 -0.00662884 -0.00972539 -0.0692369 0.221218 6.97011e-07
23.9615 -0.295796 0 0 -0.00672948 -0.00982544 -0.069733 0.221408 6.96405e-07
23.9615 -0.294795 0 0 -0.00683011 -0.00992549 -0.0702291 0.221598 6.95798e-07
23.9615 -0.293794 0 0 -0.00693074 -0.0100255 -0.0707252 0.221787 6.95192e-07
23.9615 -0.292793 0 0 -0.00703137 -0.0101256 -0.0712213 0.221977 6.94586e-07
23.9615 -0.291792 0 0 -0.007132 -0.0102256 -0.0717174 0.222167 6.93979e-07
23.9615 -0.290791 0 0 -0.00723264 -0.0103257 -0.0722135 0.222357 6.93373e-07
23.9615 -0.28979 0 0 -0.00733327 -0.0104257 -0.0727095 0.222547 6.92767e-07
23.9615 -0.288789 0 0 -0.0074339 -0.0105258 -0.0732056 0.222737 6.9216e-07
23.9615 -0.287788 0 0 -0.00753453 -0.0106258 -0.0737017 0.222927 6.91554e-07
23.9615 -0.286787 0 0 -0.00763516 -0.0107259 -0.0741978 0.223116 6.90948e-07
23.9615 -0.285786 0 0 -0.0077358 -0.0108259 -0.0746939 0.223306 6.90341e-07
23.9615 -0.284785 0 0 -0.00783643 -0.010926 -0.07519 0.223496 6.89735e-07
23.9615 -0.283784 0 0 -0.00793706 -0.011026 -0.0756861 0.223686 6.89129e-07
23.9615 -0.282783 0 0 -0.00803769 -0.011126 -0.0761822 0.223876 6.88522e-07
23.9615 -0.281782 0 0 -0.00813832 -0.0112261 -0.0766782 0.224066 6.87916e-07
23.9615 -0.280781 0 0 -0.00824397 -0.0113312 -0.0771746 0.224225 6.86297e-07
23.9615 -0.27978 0 0 -0.00835531 -0.0114419 -0.0776714 0.224349 6.83529e-07
23.9615 -0.278779 0 0 -0.00846665 -0.0115526 -0.0781681 0.224473 6.80762e-07
23.9615 -0.277778 0 0 -0.00857798 -0.0116634 -0.0786648 0.224597 6.77994e-07
23.9615 -0.276777 0 0 -0.00868932 -0.0117741 -0.0791615 0.224722 6.75227e-07
23.9615 -0.275776 0 0 -0.00880066 -0.0118849 -0.0796582 0.224846 6.72459e-07
23.9615 -0.274775 0 0 -0.00891199 -0.0119956 -0.080155 0.22497 6.69692e-07
23.9615 -0.273774 0 0 -0.00902333 -0.0121064 -0.0806517 0.225094 6.66924e-07
23.9615 -0.272773 0 0 -0.00913467 -0.0122171 -0.0811484 0.225218 6.64157e-07
23.9615 -0.271772 0 0 -0.00924601 -0.0123279 -0.0816451 0.225343 6.61389e-07
23.9615 -0.270771 0 0 -0.00935734 -0.0124386 -0.0821419 0.225467 6.58621e-07
23.9615 -0.26977 0 0 -0.00946868 -0.0125494 -0.0826386 0.225591 6.55854e-07
23.9615 -0.268769 0 0 -0.00958002 -0.0126601 -0.0831353 0.225715 6.53086e-07
23.9615 -0.267768 0 0 -0.00969135 -0.0127709 -0.083632 0.225839 6.50319e-07
23.9615 -0.266767 0 0 -0.00980269 -0.0128816 -0.0841288 0.225964 6.47551e-07
23.9615 -0.265766 0 0 -0.00991403 -0.0129924 -0.0846255 0.226088 6.44784e-07
23.9615 -0.264765 0 0 -0.0100345 -0.0131121 -0.0851209 0.226156 6.4004e-07
23.9615 -0.263764 0 0 -0.0101566 -0.0132333 -0.0856161 0.226215 6.34972e-07
23.9615 -0.262763 0 0 -0.0102786 -0.0133544 -0.0861113 0.226274 6.29905e-07
23.9615 -0.261762 0 0 -0.0104006 -0.0134756 -0.0866065 0.226333 6.24837e-07
23.9615 -0.260761 0 0 -0.0105226 -0.0135968 -0.0871017 0.226392 6.19769e-07
23.9615 -0.25976 0 0 -0.0106446 -0.013718 -0.0875969 0.226451 6.14702e-07
23.9615 -0.258759 0 0 -0.0107666 -0.0138391 -0.0880921 0.22651 6.09634e-07
23.9615 -0.257758 0 0 -0.0108886 -0.0139603 -0.0885873 0.226569 6.04566e-07
23.9615 -0.256757 0 0 -0.0110106 -0.0140815 -0.0890825 0.226628 5.99499e-07
23.9615 -0.255756 0 0 -0.0111327 -0.0142027 -0.0895777 0.226687 5.94431e-07
23.9615 -0.254755 0 0 -0.0112547 -0.0143238 -0.0900729 0.226746 5.89363e-07
23.9615 -0.253754 0 0 -0.0113767 -0.014445 -0.0905681 0.226805 5.84296e-07
23.9615 -0.252753 0 0 -0.0114987 -0.0145662 -0.0910633 0.226864 5.79228e-07
23.9615 -0.251752 0 0 -0.0116207 -0.0146874 -0.0915585 0.226923 5.7416e-07
23.9615 -0.250751 0 0 -0.0117427 -0.0148086 -0.0920537 0.226982 5.69093e-07
23.9615 -0.24975 0 0 -0.0118674 -0.0149322 -0.092548 0.227024 5.63431e-07
23.9615 -0.248749 0 0 -0.0119998 -0.0150635 -0.0930398 0.227017 5.55983e-07
23.9615 -0.247748 0 0 -0.0121323 -0.0151947 -0.0935316 0.22701 5.48535e-07
23.9615 -0.246747 0 0 -0.0122648 -0.0153259 -0.0940234 0.227003 5.41087e-07
23.9615 -0.245746 0 0 -0.0123973 -0.0154571 -0.0945152 0.226995 5.3364e-07
23.9615 -0.244745 0 0 -0.0125298 -0.0155883 -0.095007 0.226988 5.26192e-07
23.9615 -0.243744 0 0 -0.0126623 -0.0157196 -0.0954988 0.226981 5.18744e-07
23.9615 -0.242743 0 0 -0.0127948 -0.0158508 -0.0959906 0.226973 5.11296e-07
23.9615 -0.241742 0 0 -0.0129273 -0.015982 -0.0964824 0.226966 5.03849e-07
23.9615 -0.240741 0 0 -0.0130598 -0.0161132 -0.0969742 0.226959 4.96401e-07
23.9615 -0.23974 0 0 -0.0131923 -0.0162444 -0.097466 0.226952 4.88953e-07
23.9615 -0.238739 0 0 -0.0133248 -0.0163757 -0.0979579 0.226944 4.81505e-07
23.9615 -0.237738 0 0 -0.0134573 -0.0165069 -0.0984497 0.226937 4.74057e-07
23.9615 -0.236737 0 0 -0.0135897 -0.0166381 -0.0989415 0.22693 4.6661e-07
23.9615 -0.235736 0 0 -0.0137222 -0.0167693 -0.0994333 0.226922 4.59162e-07
23.9615 -0.234735 0 0 -0.0138547 -0.0169005 -0.0999251 0.226915 4.51714e-07
23.9615 -0.233734 0 0 -0.0139937 -0.0170379 -0.100414 0.226864 4.42727e-07
23.9615 -0.232733 0 0 -0.0141363 -0.0171786 -0.1009 0.226788 4.32876e-07
23.9615 -0.231732 0 0 -0.0142789 -0.0173193 -0.101387 0.226713 4.23024e-07
23.9615 -0.230731 0 0 -0.0144214 -0.0174601 -0.101874 0.226637 4.13173e-07
23.9615 -0.22973 0 0 -0.014564 -0.0176008 -0.102361 0.226561 4.03322e-07
23.9615 -0.228729 0 0 -0.0147066 -0.0177415 -0.102848 0.226486 3.9347e-07
23.9615 -0.227728 0 0 -0.0148492 -0.0178823 -0.103334 0.22641 3.83619e-07
23.9615 -0.226727 0 0 -0.0149918 -0.018023 -0.103821 0.226335 3.73767e-07
23.9615 -0.225726 0 0 -0.0151344 -0.0181637 -0.104308 0.226259 3.63916e-07
23.9615 -0.224725 0 0 -0.015277 -0.0183045 -0.104795 0.226183 3.54065e-07
23.9615 -0.223724 0 0 -0.0154196 -0.0184452 -0.105281 0.226108 3.44213e-07
23.9615 -0.222723 0 0 -0.0155621 -0.0185859 -0.105768 0.226032 3.34362e-07
23.9615 -0.221722 0 0 -0.0157047 -0.0187267 -0.106255 0.225956 3.2451e-07
23.9615 -0.220721 0 0 -0.0158473 -0.0188674 -0.106742 0.225881 3.14659e-07
23.9615 -0.21972 0 0 -0.0159899 -0.0190081 -0.107228 0.225805 3.04808e-07
23.9615 -0.218719 0 0 -0.0161328 -0.0191491 -0.107715 0.225727 2.94883e-07
23.9615 -0.217718 0 0 -0.0162849 -0.0192987 -0.108195 0.225581 2.82659e-07
23.9615 -0.216717 0 0 -0.016437 -0.0194482 -0.108676 0.225434 2.70435e-07
23.9615 -0.215716 0 0 -0.0165891 -0.0195978 -0.109156 0.225287 2.58211e-07
23.9615 -0.214715 0 0 -0.0167412 -0.0197473 -0.109636 0.225141 2.45988e-07
23.9615 -0.213714 0 0 -0.0168933 -0.0198969 -0.110117 0.224994 2.33764e-07
23.9615 -0.212713 0 0 -0.0170453 -0.0200464 -0.110597 0.224847 2.2154e-07
23.9615 -0.211712 0 0 -0.0171974 -0.020196 -0.111077 0.224701 2.09316e-07
23.9615 -0.210711 0 0 -0.0173495 -0.0203455 -0.111557 0.224554 1.97092e-07
23.9615 -0.20971 0 0 -0.0175016 -0.020495 -0.112038 0.224407 1.84869e-07
23.9615 -0.208709 0 0 -0.0176537 -0.0206446 -0.112518 0.224261 1.72645e-07
23.9615 -0.207708 0 0 -0.0178058 -0.0207941 -0.112998 0.224114 1.60421e-07
23.9615 -0.206707 0 0 -0.0179579 -0.0209437 -0.113479 0.223967 1.48197e-07
23.9615 -0.205706 0 0 -0.01811 -0.0210932 -0.113959 0.223821 1.35973e-07
23.9615 -0.204705 0 0 -0.0182621 -0.0212428 -0.114439 0.223674 1.2375e-07
23.9615 -0.203704 0 0 -0.0184142 -0.0213923 -0.114919 0.223528 1.11526e-07
23.9615 -0.202703 0 0 -0.01857 -0.0215452 -0.115396 0.22335 9.83374e-08
23.9615 -0.201702 0 0 -0.0187308 -0.0217027 -0.115869 0.223129 8.38257e-08
23.9615 -0.200701 0 0 -0.0188915 -0.0218601 -0.116341 0.222909 6.9314e-08
23.9615 -0.1997 0 0 -0.0190523 -0.0220176 -0.116814 0.222689 5.48023e-08
23.9615 -0.198699 0 0 -0.0192131 -0.0221751 -0.117286 0.222468 4.02906e-08
23.9615 -0.197698 0 0 -0.0193739 -0.0223325 -0.117759 0.222248 2.57789e-08
23.9615 -0.196697 0 0 -0.0195347 -0.02249 -0.118231 0.222027 1.12672e-08
23.9615 -0.195696 0 0 -0.0196955 -0.0226475 -0.118704 0.221807 -3.24447e-09
23.9615 -0.194695 0 0 -0.0198563 -0.0228049 -0.119176 0.221586 -1.77562e-08
23.9615 -0.193694 0 0 -0.0200171 -0.0229624 -0.119649 0.221366 -3.22679e-08
23.9615 -0.192693 0 0 -0.0201779 -0.0231199 -0.120121 0.221146 -4.67796e-08
23.9615 -0.191692 0 0 -0.0203387 -0.0232773 -0.120594 0.220925 -6.12913e-08
23.9615 -0.190691 0 0 -0.0204995 -0.0234348 -0.121066 0.220705 -7.5803e-08
23.9615 -0.18969 0 0 -0.0206603 -0.0235923 -0.121539 0.220484 -9.03147e-08
23.9615 -0.188689 0 0 -0.0208211 -0.0237497 -0.122011 0.220264 -1.04826e-07
23.9615 -0.187688 0 0 -0.0209819 -0.0239072 -0.122484 0.220043 -1.19338e-07
23.9615 -0.186687 0 0 -0.0211489 -0.0240702 -0.122949 0.219761 -1.35597e-07
23.9615 -0.185686 0 0 -0.0213173 -0.0242345 -0.123413 0.219464 -1.5226e-07
23.9615 -0.184685 0 0 -0.0214858 -0.0243988 -0.123876 0.219167 -1.68923e-07
23.9615 -0.183684 0 0 -0.0216542 -0.0245631 -0.12434 0.21887 -1.85586e-07
23.9615 -0.182683 0 0 -0.0218227 -0.0247273 -0.124803 0.218574 -2.02249e-07
23.9615 -0.181682 0 0 -0.0219912 -0.0248916 -0.125267 0.218277 -2.18912e-07
23.9615 -0.180681 0 0 -0.0221596 -0.0250559 -0.125731 0.21798 -2.35575e-07
23.9615 -0.17968 0 0 -0.0223281 -0.0252202 -0.126194 0.217683 -2.52238e-07
23.9615 -0.178679 0 0 -0.0224965 -0.0253845 -0.126658 0.217386 -2.68901e-07
23.9615 -0.177678 0 0 -0.022665 -0.0255488 -0.127121 0.217089 -2.85564e-07
23.9615 -0.176677 0 0 -0.0228334 -0.025713 -0.127585 0.216792 -3.02227e-07
23.9615 -0.175676 0 0 -0.0230019 -0.0258773 -0.128048 0.216496 -3.1889e-07
23.9615 -0.174675 0 0 -0.0231703 -0.0260416 -0.128512 0.216199 -3.35553e-07
23.9615 -0.173674 0 0 -0.0233388 -0.0262059 -0.128975 0.215902 -3.52216e-07
23.9615 -0.172673 0 0 -0.0235072 -0.0263702 -0.129439 0.215605 -3.68879e-07
23.9615 -0.171672 0 0 -0.023677 -0.0265356 -0.1299 0.215292 -3.8594e-07
23.9615 -0.170671 0 0 -0.0238518 -0.0267053 -0.130354 0.214917 -4.04568e-07
23.9615 -0.16967 0 0 -0.0240267 -0.0268751 -0.130808 0.214541 -4.23195e-07
23.9615 -0.168669 0 0 -0.0242015 -0.0270449 -0.131261 0.214165 -4.41822e-07
23.9615 -0.167668 0 0 -0.0243764 -0.0272147 -0.131715 0.21379 -4.6045e-07
23.9615 -0.166667 0 0 -0.0245512 -0.0273845 -0.132168 0.213414 -4.79077e-07
23.9615 -0.165666 0 0 -0.024726 -0.0275542 -0.132622 0.213039 -4.97704e-07
23.9615 -0.164665 0 0 -0.0249009 -0.027724 -0.133076 0.212663 -5.16331e-07
23.9615 -0.163664 0 0 -0.0250757 -0.0278938 -0.133529 0.212288 -5.34959e-07
23.9615 -0.162663 0 0 -0.0252506 -0.0280636 -0.133983 0.211912 -5.53586e-07
23.9615 -0.161662 0 0 -0.0254254 -0.0282334 -0.134436 0.211537 -5.72213e-07
23.9615 -0.160661 0 0 -0.0256003 -0.0284031 -0.13489 0.211161 -5.9084e-07
23.9615 -0.15966 0 0 -0.0257751 -0.0285729 -0.135344 0.210785 -6.09468e-07
23.9615 -0.158659 0 0 -0.0259499 -0.0287427 -0.135797 0.21041 -6.28095e-07
23.9615 -0.157658 0 0 -0.0261248 -0.0289125 -0.136251 0.210034 -6.46722e-07
23.9615 -0.156657 0 0 -0.0262996 -0.0290823 -0.136704 0.209659 -6.65349e-07
23.9615 -0.155656 0 0 -0.0264774 -0.0292544 -0.137151 0.209235 -6.85003e-07
23.9615 -0.154655 0 0 -0.0266571 -0.0294281 -0.137594 0.208779 -7.05359e-07
23.9615 -0.153654 0 0 -0.0268368 -0.0296019 -0.138037 0.208323 -7.25715e-07
23.9615 -0.152653 0 0 -0.0270165 -0.0297756 -0.13848 0.207867 -7.46072e-07
23.9615 -0.151652 0 0 -0.0271963 -0.0299493 -0.138922 0.207411 -7.66428e-07
23.9615 -0.150651 0 0 -0.027376 -0.0301231 -0.139365 0.206955 -7.86784e-07
23.9615 -0.14965 0 0 -0.0275557 -0.0302968 -0.139808 0.206499 -8.07141e-07
23.9615 -0.148649 0 0 -0.0277354 -0.0304705 -0.140251 0.206043 -8.27497e-07
23.9615 -0.147648 0 0 -0.0279152 -0.0306443 -0.140693 0.205587 -8.47854e-07
23.9615 -0.146647 0 0 -0.0280949 -0.030818 -0.141136 0.205131 -8.6821e-07
23.9615 -0.145646 0 0 -0.0282746 -0.0309917 -0.141579 0.204675 -8.88566e-07
23.9615 -0.144645 0 0 -0.0284543 -0.0311655 -0.142022 0.204219 -9.08923e-07
23.9615 -0.143644 0 0 -0.0286341 -0.0313392 -0.142465 0.203763 -9.29279e-07
23.9615 -0.142643 0 0 -0.0288138 -0.031513 -0.142907 0.203307 -9.49635e-07
23.9615 -0.141642 0 0 -0.0289935 -0.0316867 -0.14335 0.202851 -9.69992e-07
23.9615 -0.140641 0 0 -0.0291732 -0.0318604 -0.143793 0.202395 -9.90348e-07
23.9615 -0.13964 0 0 -0.0293561 -0.0320363 -0.144224 0.201859 -1.01213e-06
23.9615 -0.138639 0 0 -0.0295389 -0.0322123 -0.144655 0.201322 -1.03394e-06
23.9615 -0.137638 0 0 -0.0297218 -0.0323882 -0.145087 0.200784 -1.05574e-06
23.9615 -0.136637 0 0 -0.0299047 -0.0325642 -0.145518 0.200247 -1.07755e-06
23.9615 -0.135636 0 0 -0.0300876 -0.0327401 -0.145949 0.199709 -1.09935e-06
23.9615 -0.134635 0 0 -0.0302704 -0.032916 -0.14638 0.199172 -1.12116e-06
23.9615 -0.133634 0 0 -0.0304533 -0.033092 -0.146812 0.198634 -1.14297e-06
23.9615 -0.132633 0 0 -0.0306362 -0.0332679 -0.147243 0.198097 -1.16477e-06
23.9615 -0.131632 0 0 -0.0308191 -0.0334439 -0.147674 0.197559 -1.18658e-06
23.9615 -0.130631 0 0 -0.0310019 -0.0336198 -0.148105 0.197022 -1.20838e-06
23.9615 -0.12963 0 0 -0.0311848 -0.0337957 -0.148537 0.196485 -1.23019e-06
23.9615 -0.128629 0 0 -0.0313677 -0.0339717 -0.148968 0.195947 -1.252e-06
23.9615 -0.127628 0 0 -0.0315506 -0.0341476 -0.149399 0.19541 -1.2738e-06
23.9615 -0.126627 0 0 -0.0317335 -0.0343236 -0.14983 0.194872 -1.29561e-06
23.9615 -0.125626 0 0 -0.0319163 -0.0344995 -0.150261 0.194335 -1.31741e-06
23.9615 -0.124625 0 0 -0.0320997 -0.0346756 -0.150688 0.193767 -1.33964e-06
23.9615 -0.123624 0 0 -0.0322838 -0.0348518 -0.151107 0.193147 -1.36258e-06
23.9615 -0.122623 0 0 -0.0324679 -0.035028 -0.151527 0.192528 -1.38552e-06
23.9615 -0.121622 0 0 -0.032652 -0.0352042 -0.151946 0.191909 -1.40845e-06
23.9615 -0.120621 0 0 -0.0328361 -0.0353804 -0.152365 0.19129 -1.43139e-06
23.9615 -0.11962 0 0 -0.0330202 -0.0355566 -0.152784 0.19067 -1.45433e-06
23.9615 -0.118619 0 0 -0.0332043 -0.0357328 -0.153203 0.190051 -1.47726e-06
23.9615 -0.117618 0 0 -0.0333884 -0.035909 -0.153623 0.189432 -1.5002e-06
23.9615 -0.116617 0 0 -0.0335725 -0.0360852 -0.154042 0.188813 -1.52314e-06
23.9615 -0.115616 0 0 -0.0337566 -0.0362614 -0.154461 0.188193 -1.54607e-06
23.9615 -0.114615 0 0 -0.0339407 -0.0364376 -0.15488 0.187574 -1.56901e-06
23.9615 -0.113614 0 0 -0.0341248 -0.0366138 -0.1553 0.186955 -1.59195e-06
23.9615 -0.112613 0 0 -0.0343089 -0.03679 -0.155719 0.186336 -1.61488e-06
23.9615 -0.111612 0 0 -0.034493 -0.0369662 -0.156138 0.185716 -1.63782e-06
23.9615 -0.110611 0 0 -0.0346771 -0.0371424 -0.156557 0.185097 -1.66076e-06
23.9615 -0.10961 0 0 -0.0348612 -0.0373186 -0.156976 0.184478 -1.68369e-06
23.9615 -0.108609 0 0 -0.0350446 -0.0374934 -0.157386 0.183796 -1.70722e-06
23.9615 -0.107608 0 0 -0.0352279 -0.0376678 -0.157793 0.183096 -1.73094e-06
23.9615 -0.106607 0 0 -0.0354111 -0.0378422 -0.1582 0.182395 -1.75466e-06
23.9615 -0.105606 0 0 -0.0355943 -0.0380165 -0.158607 0.181695 -1.77837e-06
23.9615 -0.104605 0 0 -0.0357775 -0.0381909 -0.159014 0.180994 -1.80209e-06
23.9615 -0.103604 0 0 -0.0359607 -0.0383653 -0.159421 0.180294 -1.8258e-06
23.9615 -0.102603 0 0 -0.036144 -0.0385396 -0.159828 0.179593 -1.84952e-06
23.9615 -0.101602 0 0 -0.0363272 -0.038714 -0.160235 0.178893 -1.87323e-06
23.9615 -0.100601 0 0 -0.0365104 -0.0388884 -0.160642 0.178192 -1.89695e-06
23.9615 -0.0996 0 0 -0.0366936 -0.0390627 -0.161049 0.177492 -1.92066e-06
23.9615 -0.098599 0 0 -0.0368769 -0.0392371 -0.161456 0.176791 -1.94438e-06
23.9615 -0.097598 0 0 -0.0370601 -0.0394115 -0.161863 0.176091 -1.96809e-06
23.9615 -0.096597 0 0 -0.0372433 -0.0395858 -0.16227 0.17539 -1.99181e-06
23.9615 -0.095596 0 0 -0.0374265 -0.0397602 -0.162677 0.17469 -2.01552e-06
23.9615 -0.094595 0 0 -0.0376097 -0.0399346 -0.163083 0.173989 -2.03924e-06
23.9615 -0.093594 0 0 -0.0377925 -0.0401083 -0.163489 0.173276 -2.06302e-06
23.9615 -0.092593 0 0 -0.0379726 -0.0402786 -0.163883 0.172496 -2.08713e-06
23.9615 -0.091592 0 0 -0.0381527 -0.0404489 -0.164278 0.171715 -2.11125e-06
23.9615 -0.090591 0 0 -0.0383328 -0.0406192 -0.164672 0.170935 -2.13537e-06
23.9615 -0.08959 0 0 -0.0385129 -0.0407895 -0.165067 0.170154 -2.15949e-06
23.9615 -0.088589 0 0 -0.038693 -0.0409598 -0.165462 0.169373 -2.1836e-06
23.9615 -0.087588 0 0 -0.0388731 -0.0411301 -0.165856 0.168593 -2.20772e-06
23.9615 -0.086587 0 0 -0.0390532 -0.0413004 -0.166251 0.167812 -2.23184e-06
23.9615 -0.085586 0 0 -0.0392332 -0.0414707 -0.166646 0.167032 -2.25596e-06
23.9615 -0.084585 0 0 -0.0394133 -0.041641 -0.16704 0.166251 -2.28007e-06
23.9615 -0.083584 0 0 -0.0395934 -0.0418113 -0.167435 0.165471 -2.30419e-06
23.9615 -0.082583 0 0 -0.0397735 -0.0419815 -0.16783 0.16469 -2.32831e-06
23.9615 -0.081582 0 0 -0.0399536 -0.0421518 -0.168224 0.16391 -2.35243e-06
23.9615 -0.080581 0 0 -0.0401337 -0.0423221 -0.168619 0.163129 -2.37654e-06
23.9615 -0.07958 0 0 -0.0403138 -0.0424924 -0.169013 0.162349 -2.40066e-06
23.9615 -0.078579 0 0 -0.0404939 -0.0426627 -0.169408 0.161568 -2.42478e-06
23.9615 -0.077578 0 0 -0.040671 -0.0428295 -0.169796 0.160745 -2.4489e-06
23.9615 -0.076577 0 0 -0.0408457 -0.0429934 -0.170179 0.159886 -2.47303e-06
23.9615 -0.075576 0 0 -0.0410203 -0.0431573 -0.170561 0.159028 -2.49715e-06
23.9615 -0.074575 0 0 -0.0411949 -0.0433212 -0.170944 0.158169 -2.52128e-06
23.9615 -0.073574 0 0 -0.0413695 -0.0434851 -0.171326 0.157311 -2.54541e-06
23.9615 -0.072573 0 0 -0.0415442 -0.043649 -0.171709 0.156452 -2.56953e-06
23.9615 -0.071572 0 0 -0.0417188 -0.043813 -0.172092 0.155594 -2.59366e-06
23.9615 -0.070571 0 0 -0.0418934 -0.0439769 -0.172474 0.154735 -2.61779e-06
23.9615 -0.06957 0 0 -0.042068 -0.0441408 -0.172857 0.153876 -2.64191e-06
23.9615 -0.068569 0 0 -0.0422427 -0.0443047 -0.173239 0.153018 -2.66604e-06
23.9615 -0.067568 0 0 -0.0424173 -0.0444686 -0.173622 0.152159 -2.69017e-06
23.9615 -0.066567 0 0 -0.0425919 -0.0446325 -0.174004 0.151301 -2.71429e-06
23.9615 -0.065566 0 0 -0.0427665 -0.0447964 -0.174387 0.150442 -2.73842e-06
23.9615 -0.064565 0 0 -0.0429412 -0.0449603 -0.17477 0.149584 -2.76255e-06
23.9615 -0.063564 0 0 -0.0431158 -0.0451242 -0.175152 0.148725 -2.78667e-06
23.9615 -0.062563 0 0 -0.0432904 -0.0452881 -0.175535 0.147866 -2.8108e-06
23.9615 -0.061562 0 0 -0.0434577 -0.0454438 -0.175906 0.146937 -2.83456e-06
23.9615 -0.060561 0 0 -0.0436244 -0.0455989 -0.176277 0.146003 -2.85829e-06
23.9615 -0.05956 0 0 -0.0437912 -0.0457541 -0.176648 0.145069 -2.88203e-06
23.9615 -0.058559 0 0 -0.0439579 -0.0459093 -0.177019 0.144135 -2.90577e-06
23.9615 -0.057558 0 0 -0.0441247 -0.0460644 -0.17739 0.143201 -2.9295e-06
23.9615 -0.056557 0 0 -0.0442914 -0.0462196 -0.177761 0.142267 -2.95324e-06
23.9615 -0.055556 0 0 -0.0444582 -0.0463747 -0.178132 0.141333 -2.97697e-06
23.9615 -0.054555 0 0 -0.044625 -0.0465299 -0.178503 0.140399 -3.00071e-06
23.9615 -0.053554 0 0 -0.0447917 -0.046685 -0.178874 0.139466 -3.02444e-06
23.9615 -0.052553 0 0 -0.0449585 -0.0468402 -0.179245 0.138532 -3.04818e-06
23.9615 -0.051552 0 0 -0.0451252 -0.0469953 -0.179616 0.137598 -3.07191e-06
23.9615 -0.050551 0 0 -0.045292 -0.0471505 -0.179987 0.136664 -3.09565e-06
23.9615 -0.04955 0 0 -0.0454587 -0.0473057 -0.180358 0.13573 -3.11939e-06
23.9615 -0.048549 0 0 -0.0456255 -0.0474608 -0.180729 0.134796 -3.14312e-06
23.9615 -0.047548 0 0 -0.0457922 -0.047616 -0.1811 0.133862 -3.16686e-06
23.9615 -0.046547 0 0 -0.0459556 -0.0477675 -0.181468 0.132904 -3.19033e-06
23.9615 -0.045546 0 0 -0.0461121 -0.0479115 -0.181828 0.131898 -3.21328e-06
23.9615 -0.044545 0 0 -0.0462685 -0.0480556 -0.182188 0.130892 -3.23623e-06
23.9615 -0.043544 0 0 -0.046425 -0.0481997 -0.182548 0.129885 -3.25917e-06
23.9615 -0.042543 0 0 -0.0465815 -0.0483437 -0.182908 0.128879 -3.28212e-06
23.9615 -0.041542 0 0 -0.0467379 -0.0484878 -0.183269 0.127873 -3.30507e-06
23.9615 -0.040541 0 0 -0.0468944 -0.0486318 -0.183629 0.126867 -3.32802e-06
23.9615 -0.03954 0 0 -0.0470509 -0.0487759 -0.183989 0.125861 -3.35096e-06
23.9615 -0.038539 0 0 -0.0472073 -0.0489199 -0.184349 0.124854 -3.37391e-06
23.9615 -0.037538 0 0 -0.0473638 -0.049064 -0.184709 0.123848 -3.39686e-06
23.9615 -0.036537 0 0 -0.0475203 -0.049208 -0.185069 0.122842 -3.4198e-06
23.9615 -0.035536 0 0 -0.0476767 -0.0493521 -0.185429 0.121836 -3.44275e-06
23.9615 -0.034535 0 0 -0.0478332 -0.0494962 -0.18579 0.12083 -3.4657e-06
23.9615 -0.033534 0 0 -0.0479897 -0.0496402 -0.18615 0.119823 -3.48864e-06
23.9615 -0.032533 0 0 -0.0481461 -0.0497843 -0.18651 0.118817 -3.51159e-06
23.9615 -0.031532 0 0 -0.0483026 -0.0499283 -0.18687 0.117811 -3.53454e-06
23.9615 -0.030531 0 0 -0.04845 -0.0500628 -0.187223 0.116755 -3.55664e-06
23.9615 -0.02953 0 0 -0.0485938 -0.0501934 -0.187573 0.11568 -3.57841e-06
23.9615 -0.028529 0 0 -0.0487376 -0.0503241 -0.187924 0.114605 -3.60018e-06
23.9615 -0.027528 0 0 -0.0488814 -0.0504547 -0.188274 0.11353 -3.62195e-06
23.9615 -0.026527 0 0 -0.0490252 -0.0505854 -0.188624 0.112455 -3.64372e-06
23.9615 -0.025526 0 0 -0.049169 -0.0507161 -0.188974 0.111381 -3.66549e-06
23.9615 -0.024525 0 0 -0.0493128 -0.0508467 -0.189325 0.110306 -3.68727e-06
23.9615 -0.023524 0 0 -0.0494566 -0.0509774 -0.189675 0.109231 -3.70904e-06
23.9615 -0.022523 0 0 -0.0496004 -0.0511081 -0.190025 0.108156 -3.73081e-06
23.9615 -0.021522 0 0 -0.0497442 -0.0512387 -0.190375 0.107081 -3.75258e-06
23.9615 -0.020521 0 0 -0.049888 -0.0513694 -0.190726 0.106006 -3.77435e-06
23.9615 -0.01952 0 0 -0.0500318 -0.0515 -0.191076 0.104931 -3.79612e-06
23.9615 -0.018519 0 0 -0.0501756 -0.0516307 -0.191426 0.103856 -3.81789e-06
23.9615 -0.017518 0 0 -0.0503194 -0.0517614 -0.191776 0.102781 -3.83966e-06
23.9615 -0.016517 0 0 -0.0504632 -0.051892 -0.192127 0.101706 -3.86143e-06
23.9615 -0.015516 0 0 -0.0506053 -0.052021 -0.192476 0.100624 -3.88304e-06
23.9615 -0.014515 0 0 -0.0507341 -0.0521361 -0.192817 0.099484 -3.90326e-06
23.9615 -0.013514 0 0 -0.050863 -0.0522511 -0.193159 0.0983441 -3.92349e-06
23.9615 -0.012513 0 0 -0.0509918 -0.0523662 -0.1935 0.0972041 -3.94372e-06
23.9615 -0.011512 0 0 -0.0511206 -0.0524813 -0.193842 0.0960642 -3.96394e-06
23.9615 -0.010511 0 0 -0.0512494 -0.0525964 -0.194183 0.0949242 -3.98417e-06
23.9615 -0.00951 0 0 -0.0513782 -0.0527114 -0.194525 0.0937843 -4.00439e-06
23.9615 -0.008509 0 0 -0.0515071 -0.0528265 -0.194866 0.0926443 -4.02462e-06
23.9615 -0.007508 0 0 -0.0516359 -0.0529416 -0.195207 0.0915044 -4.04484e-06
23.9615 -0.006507 0 0 -0.0517647 -0.0530567 -0.195549 0.0903644 -4.06507e-06
23.9615 -0.005506 0 0 -0.0518935 -0.0531717 -0.19589 0.0892245 -4.0853e-06
23.9615 -0.004505 0 0 -0.0520223 -0.0532868 -0.196232 0.0880845 -4.10552e-06
23.9615 -0.003504 0 0 -0.0521512 -0.0534019 -0.196573 0.0869446 -4.12575e-06
23.9615 -0.002503 0 0 -0.05228 -0.053517 -0.196915 0.0858046 -4.14597e-06
23.9615 -0.001502 0 0 -0.0524088 -0.053632 -0.197256 0.0846647 -4.1662e-06
23.9615 -0.000501 0 0 -0.0525376 -0.0537471 -0.197598 0.0835247 -4.18643e-06
23.9615 0.000501 0 0 -0.052658 -0.0538535 -0.197936 0.082353 -4.20573e-06
23.9615 0.001502 0 0 -0.0527696 -0.0539509 -0.198269 0.0811518 -4.22406e-06
23.9615 0.002503 0 0 -0.0528812 -0.0540484 -0.198603 0.0799506 -4.24239e-06
23.9615 0.003504 0 0 -0.0529929 -0.0541458 -0.198937 0.0787495 -4.26072e-06
23.9615 0.004505 0 0 -0.0531045 -0.0542433 -0.199271 0.0775483 -4.27906e-06
23.9615 0.005506 0 0 -0.0532162 -0.0543407 -0.199605 0.0763471 -4.29739e-06
23.9615 0.006507 0 0 -0.0533278 -0.0544382 -0.199939 0.075146 -4.31572e-06
23.9615 0.007508 0 0 -0.0534394 -0.0545356 -0.200272 0.0739448 -4.33406e-06
23.9615 0.008509 0 0 -0.0535511 -0.0546331 -0.200606 0.0727436 -4.35239e-06
23.9615 0.00951 0 0 -0.0536627 -0.0547305 -0.20094 0.0715425 -4.37072e-06
23.9615 0.010511 0 0 -0.0537744 -0.054828 -0.201274 0.0703413 -4.38905e-06
23.9615 0.011512 0 0 -0.053886 -0.0549254 -0.201608 0.0691401 -4.40739e-06
23.9615 0.012513 0 0 -0.0539976 -0.0550229 -0.201942 0.067939 -4.42572e-06
23.9615 0.013514 0 0 -0.0541093 -0.0551203 -0.202275 0.0667378 -4.44405e-06
23.9615 0.014515 0 0 -0.0542209 -0.0552178 -0.202609 0.0655366 -4.46239e-06
23.9615 0.015516 0 0 -0.0543326 -0.0553152 -0.202943 0.0643355 -4.48072e-06
23.9615 0.016517 0 0 -0.054427 -0.0553953 -0.203271 0.063083 -4.49708e-06
23.9615 0.017518 0 0 -0.0545194 -0.0554733 -0.203599 0.0618243 -4.51319e-06
23.9615 0.018519 0 0 -0.0546118 -0.0555514 -0.203926 0.0605656 -4.52931e-06
23.9615 0.01952 0 0 -0.0547042 -0.0556294 -0.204253 0.0593069 -4.54543e-06
23.9615 0.020521 0 0 -0.0547966 -0.0557074 -0.204581 0.0580482 -4.56155e-06
23.9615 0.021522 0 0 -0.054889 -0.0557854 -0.204908 0.0567894 -4.57766e-06
23.9615 0.022523 0 0 -0.0549814 -0.0558634 -0.205236 0.0555307 -4.59378e-06
23.9615 0.023524 0 0 -0.0550738 -0.0559414 -0.205563 0.054272 -4.6099e-06
23.9615 0.024525 0 0 -0.0551662 -0.0560194 -0.20589 0.0530133 -4.62601e-06
23.9615 0.025526 0 0 -0.0552585 -0.0560974 -0.206218 0.0517546 -4.64213e-06
23.9615 0.026527 0 0 -0.0553509 -0.0561754 -0.206545 0.0504959 -4.65825e-06
23.9615 0.027528 0 0 -0.0554433 -0.0562534 -0.206873 0.0492371 -4.67437e-06
23.9615 0.028529 0 0 -0.0555357 -0.0563315 -0.2072 0.0479784 -4.69048e-06
23.9615 0.02953 0 0 -0.0556281 -0.0564095 -0.207527 0.0467197 -4.7066e-06
23.9615 0.030531 0 0 -0.0557205 -0.0564875 -0.207855 0.045461 -4.72272e-06
23.9615 0.031532 0 0 -0.0558069 -0.0565596 -0.208181 0.044187 -4.73813e-06
23.9615 0.032533 0 0 -0.0558781 -0.0566166 -0.208503 0.0428742 -4.75176e-06
23.9615 0.033534 0 0 -0.0559494 -0.0566736 -0.208825 0.0415613 -4.76538e-06
23.9615 0.034535 0 0 -0.0560206 -0.0567306 -0.209147 0.0402485 -4.77901e-06
23.9615 0.035536 0 0 -0.0560918 -0.0567877 -0.209468 0.0389356 -4.79263e-06
23.9615 0.036537 0 0 -0.056163 -0.0568447 -0.20979 0.0376228 -4.80626e-06
23.9615 0.037538 0 0 -0.0562342 -0.0569017 -0.210112 0.0363099 -4.81988e-06
23.9615 0.038539 0 0 -0.0563054 -0.0569587 -0.210434 0.0349971 -4.83351e-06
23.9615 0.03954 0 0 -0.0563767 -0.0570157 -0.210756 0.0336842 -4.84714e-06
23.9615 0.040541 0 0 -0.0564479 -0.0570728 -0.211078 0.0323714 -4.86076e-06
23.9615 0.041542 0 0 -0.0565191 -0.0571298 -0.2114 0.0310585 -4.87439e-06
23.9615 0.042543 0 0 -0.0565903 -0.0571868 -0.211722 0.0297457 -4.88801e-06
23.9615 0.043544 0 0 -0.0566615 -0.0572438 -0.212044 0.0284328 -4.90164e-06
23.9615 0.044545 0 0 -0.0567327 -0.0573009 -0.212366 0.02712 -4.91526e-06
23.9615 0.045546 0 0 -0.056804 -0.0573579 -0.212688 0.0258071 -4.92889e-06
23.9615 0.046547 0 0 -0.0568752 -0.0574149 -0.21301 0.0244943 -4.94251e-06
23.9615 0.047548 0 0 -0.056931 -0.0574569 -0.213329 0.0231471 -4.95427e-06
23.9615 0.048549 0 0 -0.0569794 -0.0574916 -0.213646 0.0217833 -4.96512e-06
23.9615 0.04955 0 0 -0.0570278 -0.0575263 -0.213963 0.0204194 -4.97597e-06
23.9615 0.050551 0 0 -0.0570761 -0.057561 -0.214281 0.0190556 -4.98681e-06
23.9615 0.051552 0 0 -0.0571245 -0.0575958 -0.214598 0.0176917 -4.99766e-06
23.9615 0.052553 0 0 -0.0571729 -0.0576305 -0.214915 0.0163278 -5.00851e-06
23.9615 0.053554 0 0 -0.0572213 -0.0576652 -0.215232 0.014964 -5.01936e-06
23.9615 0.054555 0 0 -0.0572696 -0.0576999 -0.21555 0.0136001 -5.0302e-06
23.9615 0.055556 0 0 -0.057318 -0.0577346 -0.215867 0.0122363 -5.04105e-06
23.9615 0.056557 0 0 -0.0573664 -0.0577693 -0.216184 0.0108724 -5.0519e-06
23.9615 0.057558 0 0 -0.0574147 -0.057804 -0.216501 0.00950857 -5.06275e-06
23.9615 0.058559 0 0 -0.0574631 -0.0578387 -0.216819 0.00814472 -5.07359e-06
23.9615 0.05956 0 0 -0.0575115 -0.0578734 -0.217136 0.00678086 -5.08444e-06
23.9615 0.060561 0 0 -0.0575598 -0.0579081 -0.217453 0.00541701 -5.09529e-06
23.9615 0.061562 0 0 -0.0576082 -0.0579428 -0.21777 0.00405315 -5.10614e-06
23.9615 0.062563 0 0 -0.0576551 -0.057976 -0.218087 0.00268626 -5.11679e-06
23.9615 0.063564 0 0 -0.0576792 -0.0579858 -0.2184 0.00127417 -5.12463e-06
23.9615 0.064565 0 0 -0.0577033 -0.0579957 -0.218713 -0.000137926 -5.13246e-06
23.9615 0.065566 0 0 -0.0577274 -0.0580056 -0.219026 -0.00155002 -5.1403e-06
23.9615 0.066567 0 0 -0.0577515 -0.0580154 -0.219338 -0.00296211 -5.14813e-06
23.9615 0.067568 0 0 -0.0577757 -0.0580253 -0.219651 -0.0043742 -5.15597e-06
23.9615 0.068569 0 0 -0.0577998 -0.0580351 -0.219964 -0.0057863 -5.1638e-06
23.9615 0.06957 0 0 -0.0578239 -0.058045 -0.220277 -0.00719839 -5.17163e-06
23.9615 0.070571 0 0 -0.057848 -0.0580548 -0.22059 -0.00861048 -5.17947e-06
23.9615 0.071572 0 0 -0.0578721 -0.0580647 -0.220902 -0.0100226 -5.1873e-06
23.9615 0.072573 0 0 -0.0578962 -0.0580746 -0.221215 -0.0114347 -5.19514e-06
23.9615 0.073574 0 0 -0.0579204 -0.0580844 -0.221528 -0.0128468 -5.20297e-06
23.9615 0.074575 0 0 -0.0579445 -0.0580943 -0.221841 -0.0142589 -5.21081e-06
23.9615 0.075576 0 0 -0.0579686 -0.0581041 -0.222153 -0.0156709 -5.21864e-06
23.9615 0.076577 0 0 -0.0579927 -0.058114 -0.222466 -0.017083 -5.22647e-06
23.9615 0.077578 0 0 -0.0580168 -0.0581238 -0.222779 -0.0184951 -5.23431e-06
23.9615 0.078579 0 0 -0.0580294 -0.0581208 -0.223089 -0.019928 -5.24068e-06
23.9615 0.07958 0 0 -0.0580279 -0.0581021 -0.223397 -0.021386 -5.2453e-06
23.9615 0.080581 0 0 -0.0580265 -0.0580834 -0.223705 -0.022844 -5.24992e-06
23.9615 0.081582 0 0 -0.058025 -0.0580647 -0.224012 -0.024302 -5.25453e-06
23.9615 0.082583 0 0 -0.0580236 -0.0580461 -0.22432 -0.02576 -5.25915e-06
23.9615 0.083584 0 0 -0.0580222 -0.0580274 -0.224628 -0.027218 -5.26377e-06
23.9615 0.084585 0 0 -0.0580207 -0.0580087 -0.224935 -0.028676 -5.26839e-06
23.9615 0.085586 0 0 -0.0580193 -0.05799 -0.225243 -0.030134 -5.273e-06
23.9615 0.086587 0 0 -0.0580178 -0.0579714 -0.225551 -0.031592 -5.27762e-06
23.9615 0.087588 0 0 -0.0580164 -0.0579527 -0.225859 -0.03305 -5.28224e-06
23.9615 0.088589 0 0 -0.058015 -0.057934 -0.226166 -0.034508 -5.28685e-06
23.9615 0.08959 0 0 -0.0580135 -0.0579154 -0.226474 -0.035966 -5.29147e-06
23.9615 0.090591 0 0 -0.0580121 -0.0578967 -0.226782 -0.037424 -5.29609e-06
23.9615 0.091592 0 0 -0.0580107 -0.057878 -0.227089 -0.038882 -5.30071e-06
23.9615 0.092593 0 0 -0.0580092 -0.0578593 -0.227397 -0.04034 -5.30532e-06
23.9615 0.093594 0 0 -0.0580078 -0.0578407 -0.227705 -0.0417979 -5.30994e-06
23.9615 0.094595 0 0 -0.0579837 -0.057796 -0.228007 -0.0432927 -5.31166e-06
23.9615 0.095596 0 0 -0.0579555 -0.0577465 -0.228308 -0.0447943 -5.31285e-06
23.9615 0.096597 0 0 -0.0579272 -0.057697 -0.228609 -0.0462959 -5.31403e-06
23.9615 0.097598 0 0 -0.057899 -0.0576476 -0.22891 -0.0477974 -5.31522e-06
23.9615 0.098599 0 0 -0.0578708 -0.0575981 -0.229211 -0.049299 -5.3164e-06
23.9615 0.0996 0 0 -0.0578425 -0.0575486 -0.229511 -0.0508006 -5.31759e-06
23.9615 0.100601 0 0 -0.0578143 -0.0574991 -0.229812 -0.0523021 -5.31878e-06
23.9615 0.101602 0 0 -0.057786 -0.0574496 -0.230113 -0.0538037 -5.31996e-06
23.9615 0.102603 0 0 -0.0577578 -0.0574001 -0.230414 -0.0553053 -5.32115e-06
23.9615 0.103604 0 0 -0.0577296 -0.0573507 -0.230715 -0.0568069 -5.32233e-06
23.9615 0.104605 0 0 -0.0577013 -0.0573012 -0.231016 -0.0583084 -5.32352e-06
23.9615 0.105606 0 0 -0.0576731 -0.0572517 -0.231317 -0.05981 -5.32471e-06
23.9615 0.106607 0 0 -0.0576449 -0.0572022 -0.231618 -0.0613116 -5.32589e-06
23.9615 0.107608 0 0 -0.0576166 -0.0571527 -0.231919 -0.0628131 -5.32708e-06
23.9615 0.108609 0 0 -0.0575884 -0.0571033 -0.23222 -0.0643147 -5.32826e-06
23.9615 0.10961 0 0 -0.0575536 -0.0570464 -0.232519 -0.0658259 -5.3286e-06
23.9615 0.110611 0 0 -0.0574975 -0.0569655 -0.23281 -0.0673684 -5.32619e-06
23.9615 0.111612 0 0 -0.0574415 -0.0568846 -0.233102 -0.0689109 -5.32378e-06
23.9615 0.112613 0 0 -0.0573854 -0.0568037 -0.233393 -0.0704534 -5.32137e-06
23.9615 0.113614 0 0 -0.0573293 -0.0567228 -0.233684 -0.0719958 -5.31896e-06
23.9615 0.114615 0 0 -0.0572733 -0.0566419 -0.233976 -0.0735383 -5.31654e-06
23.9615 0.115616 0 0 -0.0572172 -0.056561 -0.234267 -0.0750808 -5.31413e-06
23.9615 0.116617 0 0 -0.0571611 -0.0564801 -0.234558 -0.0766233 -5.31172e-06
23.9615 0.117618 0 0 -0.057105 -0.0563992 -0.23485 -0.0781658 -5.30931e-06
23.9615 0.118619 0 0 -0.057049 -0.0563183 -0.235141 -0.0797083 -5.30689e-06
23.9615 0.11962 0 0 -0.0569929 -0.0562374 -0.235432 -0.0812508 -5.30448e-06
23.9615 0.120621 0 0 -0.0569368 -0.0561565 -0.235723 -0.0827933 -5.30207e-06
23.9615 0.121622 0 0 -0.0568808 -0.0560755 -0.236015 -0.0843357 -5.29966e-06
23.9615 0.122623 0 0 -0.0568247 -0.0559946 -0.236306 -0.0858782 -5.29724e-06
23.9615 0.123624 0 0 -0.0567686 -0.0559137 -0.236597 -0.0874207 -5.29483e-06
23.9615 0.124625 0 0 -0.0567125 -0.0558328 -0.236889 -0.0889632 -5.29242e-06
23.9615 0.125626 0 0 -0.0566386 -0.0557323 -0.237171 -0.0905292 -5.28766e-06
23.9615 0.126627 0 0 -0.056554 -0.0556201 -0.237448 -0.0921092 -5.28149e-06
23.9615 0.127628 0 0 -0.0564693 -0.0555078 -0.237725 -0.0936892 -5.27531e-06
23.9615 0.128629 0 0 -0.0563847 -0.0553955 -0.238002 -0.0952692 -5.26914e-06
23.9615 0.12963 0 0 -0.0563 -0.0552833 -0.238278 -0.0968492 -5.26297e-06
23.9615 0.130631 0 0 -0.0562154 -0.055171 -0.238555 -0.0984292 -5.2568e-06
23.9615 0.131632 0 0 -0.0561308 -0.0550587 -0.238832 -0.100009 -5.25063e-06
23.9615 0.132633 0 0 -0.0560461 -0.0549465 -0.239109 -0.101589 -5.24445e-06
23.9615 0.133634 0 0 -0.0559615 -0.0548342 -0.239386 -0.103169 -5.23828e-06
23.9615 0.134635 0 0 -0.0558768 -0.0547219 -0.239663 -0.104749 -5.23211e-06
23.9615 0.135636 0 0 -0.0557922 -0.0546097 -0.23994 -0.106329 -5.22594e-06
23.9615 0.136637 0 0 -0.0557076 -0.0544974 -0.240216 -0.107909 -5.21977e-06
23.9615 0.137638 0 0 -0.0556229 -0.0543852 -0.240493 -0.109489 -5.2136e-06
23.9615 0.138639 0 0 -0.0555383 -0.0542729 -0.24077 -0.111069 -5.20742e-06
23.9615 0.13964 0 0 -0.0554537 -0.0541606 -0.241047 -0.112649 -5.20125e-06
23.9615 0.140641 0 0 -0.0553685 -0.0540479 -0.241324 -0.11423 -5.19502e-06
23.9615 0.141642 0 0 -0.0552549 -0.0539049 -0.241579 -0.115842 -5.18495e-06
23.9615 0.142643 0 0 -0.0551413 -0.0537618 -0.241834 -0.117455 -5.17489e-06
23.9615 0.143644 0 0 -0.0550277 -0.0536188 -0.24209 -0.119068 -5.16482e-06
23.9615 0.144645 0 0 -0.0549141 -0.0534758 -0.242345 -0.12068 -5.15476e-06
23.9615 0.145646 0 0 -0.0548004 -0.0533328 -0.242601 -0.122293 -5.14469e-06
23.9615 0.146647 0 0 -0.0546868 -0.0531897 -0.242856 -0.123905 -5.13463e-06
23.9615 0.147648 0 0 -0.0545732 -0.0530467 -0.243112 -0.125518 -5.12456e-06
23.9615 0.148649 0 0 -0.0544596 -0.0529037 -0.243367 -0.127131 -5.11449e-06
23.9615 0.14965 0 0 -0.0543459 -0.0527607 -0.243622 -0.128743 -5.10443e-06
23.9615 0.150651 0 0 -0.0542323 -0.0526177 -0.243878 -0.130356 -5.09436e-06
23.9615 0.151652 0 0 -0.0541187 -0.0524746 -0.244133 -0.131968 -5.0843e-06
23.9615 0.152653 0 0 -0.0540051 -0.0523316 -0.244389 -0.133581 -5.07423e-06
23.9615 0.153654 0 0 -0.0538914 -0.0521886 -0.244644 -0.135194 -5.06417e-06
23.9615 0.154655 0 0 -0.0537778 -0.0520456 -0.2449 -0.136806 -5.0541e-06
23.9615 0.155656 0 0 -0.0536642 -0.0519026 -0.245155 -0.138419 -5.04404e-06
23.9615 0.156657 0 0 -0.0535387 -0.0517475 -0.245398 -0.140041 -5.03235e-06
23.9615 0.157658 0 0 -0.0533961 -0.051575 -0.245622 -0.141679 -5.01829e-06
23.9615 0.158659 0 0 -0.0532534 -0.0514025 -0.245847 -0.143317 -5.00424e-06
23.9615 0.15966 0 0 -0.0531107 -0.05123 -0.246071 -0.144955 -4.99019e-06
23.9615 0.160661 0 0 -0.0529681 -0.0510575 -0.246296 -0.146592 -4.97613e-06
23.9615 0.161662 0 0 -0.0528254 -0.0508849 -0.24652 -0.14823 -4.96208e-06
23.9615 0.162663 0 0 -0.0526827 -0.0507124 -0.246745 -0.149868 -4.94802e-06
23.9615 0.163664 0 0 -0.0525401 -0.0505399 -0.246969 -0.151506 -4.93397e-06
23.9615 0.164665 0 0 -0.0523974 -0.0503674 -0.247194 -0.153143 -4.91991e-06
23.9615 0.165666 0 0 -0.0522547 -0.0501948 -0.247418 -0.154781 -4.90586e-06
23.9615 0.166667 0 0 -0.052112 -0.0500223 -0.247643 -0.156419 -4.89181e-06
23.9615 0.167668 0 0 -0.0519694 -0.0498498 -0.247867 -0.158057 -4.87775e-06
23.9615 0.168669 0 0 -0.0518267 -0.0496773 -0.248092 -0.159694 -4.8637e-06
23.9615 0.16967 0 0 -0.051684 -0.0495048 -0.248316 -0.161332 -4.84964e-06
23.9615 0.170671 0 0 -0.0515414 -0.0493322 -0.248541 -0.16297 -4.83559e-06
23.9615 0.171672 0 0 -0.0513987 -0.0491597 -0.248765 -0.164608 -4.82153e-06
23.9615 0.172673 0 0 -0.0512332 -0.0489654 -0.248955 -0.166256 -4.80427e-06
23.9615 0.173674 0 0 -0.0510619 -0.0487654 -0.249136 -0.167908 -4.78619e-06
23.9615 0.174675 0 0 -0.0508906 -0.0485655 -0.249317 -0.16956 -4.76811e-06
23.9615 0.175676 0 0 -0.0507192 -0.0483656 -0.249498 -0.171212 -4.75003e-06
23.9615 0.176677 0 0 -0.0505479 -0.0481657 -0.24968 -0.172864 -4.73195e-06
23.9615 0.177678 0 0 -0.0503766 -0.0479658 -0.249861 -0.174515 -4.71387e-06
23.9615 0.178679 0 0 -0.0502053 -0.0477659 -0.250042 -0.176167 -4.69579e-06
23.9615 0.17968 0 0 -0.050034 -0.047566 -0.250223 -0.177819 -4.6777e-06
23.9615 0.180681 0 0 -0.0498627 -0.047366 -0.250404 -0.179471 -4.65962e-06
23.9615 0.181682 0 0 -0.0496913 -0.0471661 -0.250585 -0.181123 -4.64154e-06
23.9615 0.182683 0 0 -0.04952 -0.0469662 -0.250766 -0.182774 -4.62346e-06
23.9615 0.183684 0 0 -0.0493487 -0.0467663 -0.250947 -0.184426 -4.60538e-06
23.9615 0.184685 0 0 -0.0491774 -0.0465664 -0.251128 -0.186078 -4.5873e-06
23.9615 0.185686 0 0 -0.0490061 -0.0463665 -0.251309 -0.18773 -4.56922e-06
23.9615 0.186687 0 0 -0.0488348 -0.0461666 -0.251491 -0.189382 -4.55114e-06
23.9615 0.187688 0 0 -0.0486583 -0.0459621 -0.251661 -0.191033 -4.53231e-06
23.9615 0.188689 0 0 -0.0484593 -0.0457379 -0.251783 -0.192683 -4.51026e-06
23.9615 0.18969 0 0 -0.0482604 -0.0455138 -0.251905 -0.194332 -4.4882e-06
23.9615 0.190691 0 0 -0.0480614 -0.0452896 -0.252027 -0.195982 -4.46614e-06
23.9615 0.191692 0 0 -0.0478625 -0.0450655 -0.252149 -0.197632 -4.44409e-06
23.9615 0.192693 0 0 -0.0476635 -0.0448413 -0.252271 -0.199282 -4.42203e-06
23.9615 0.193694 0 0 -0.0474646 -0.0446171 -0.252393 -0.200931 -4.39997e-06
23.9615 0.194695 0 0 -0.0472657 -0.044393 -0.252515 -0.202581 -4.37792e-06
23.9615 0.195696 0 0 -0.0470667 -0.0441688 -0.252638 -0.204231 -4.35586e-06
23.9615 0.196697 0 0 -0.0468678 -0.0439447 -0.25276 -0.205881 -4.33381e-06
23.9615 0.197698 0 0 -0.0466688 -0.0437205 -0.252882 -0.20753 -4.31175e-06
23.9615 0.198699 0 0 -0.0464699 -0.0434964 -0.253004 -0.20918 -4.28969e-06
23.9615 0.1997 0 0 -0.0462709 -0.0432722 -0.253126 -0.21083 -4.26764e-06
23.9615 0.200701 0 0 -0.046072 -0.043048 -0.253248 -0.21248 -4.24558e-06
23.9615 0.201702 0 0 -0.045873 -0.0428239 -0.25337 -0.214129 -4.22352e-06
23.9615 0.202703 0 0 -0.0456741 -0.0425997 -0.253492 -0.215779 -4.20147e-06
23.9615 0.203704 0 0 -0.0454602 -0.0423641 -0.25357 -0.217415 -4.17721e-06
23.9615 0.204705 0 0 -0.0452354 -0.04212 -0.253614 -0.21904 -4.15136e-06
23.9615 0.205706 0 0 -0.0450107 -0.041876 -0.253659 -0.220665 -4.1255e-06
23.9615 0.206707 0 0 -0.0447859 -0.041632 -0.253703 -0.22229 -4.09964e-06
23.9615 0.207708 0 0 -0.0445611 -0.041388 -0.253747 -0.223915 -4.07379e-06
23.9615 0.208709 0 0 -0.0443363 -0.0411439 -0.253792 -0.22554 -4.04793e-06
23.9615 0.20971 0 0 -0.0441116 -0.0408999 -0.253836 -0.227165 -4.02208e-06
23.9615 0.210711 0 0 -0.0438868 -0.0406559 -0.253881 -0.228791 -3.99622e-06
23.9615 0.211712 0 0 -0.043662 -0.0404119 -0.253925 -0.230416 -3.97036e-06
23.9615 0.212713 0 0 -0.0434372 -0.0401678 -0.25397 -0.232041 -3.94451e-06
23.9615 0.213714 0 0 -0.0432125 -0.0399238 -0.254014 -0.233666 -3.91865e-06
23.9615 0.214715 0 0 -0.0429877 -0.0396798 -0.254058 -0.235291 -3.89279e-06
23.9615 0.215716 0 0 -0.0427629 -0.0394357 -0.254103 -0.236916 -3.86694e-06
23.9615 0.216717 0 0 -0.0425382 -0.0391917 -0.254147 -0.238541 -3.84108e-06
23.9615 0.217718 0 0 -0.0423134 -0.0389477 -0.254192 -0.240167 -3.81523e-06
23.9615 0.218719 0 0 -0.0420886 -0.0387037 -0.254236 -0.241792 -3.78937e-06
23.9615 0.21972 0 0 -0.0418415 -0.0384459 -0.254184 -0.243364 -3.76017e-06
23.9615 0.220721 0 0 -0.0415937 -0.0381877 -0.25413 -0.244934 -3.73086e-06
23.9615 0.221722 0 0 -0.0413459 -0.0379295 -0.254075 -0.246504 -3.70155e-06
23.9615 0.222723 0 0 -0.0410981 -0.0376713 -0.25402 -0.248074 -3.67224e-06
23.9615 0.223724 0 0 -0.0408503 -0.0374132 -0.253965 -0.249644 -3.64293e-06
23.9615 0.224725 0 0 -0.0406025 -0.037155 -0.25391 -0.251214 -3.61362e-06
23.9615 0.225726 0 0 -0.0403547 -0.0368968 -0.253856 -0.252784 -3.58431e-06
23.9615 0.226727 0 0 -0.0401069 -0.0366386 -0.253801 -0.254354 -3.555e-06
23.9615 0.227728 0 0 -0.0398591 -0.0363804 -0.253746 -0.255924 -3.52569e-06
23.9615 0.228729 0 0 -0.0396113 -0.0361222 -0.253691 -0.257495 -3.49638e-06
23.9615 0.22973 0 0 -0.0393635 -0.035864 -0.253636 -0.259065 -3.46707e-06
23.9615 0.230731 0 0 -0.0391157 -0.0356058 -0.253582 -0.260635 -3.43776e-06
23.9615 0.231732 0 0 -0.0388679 -0.0353477 -0.253527 -0.262205 -3.40845e-06
23.9615 0.232733 0 0 -0.0386201 -0.0350895 -0.253472 -0.263775 -3.37914e-06
23.9615 0.233734 0 0 -0.0383723 -0.0348313 -0.253417 -0.265345 -3.34983e-06
23.9615 0.234735 0 0 -0.0381177 -0.0345705 -0.253318 -0.266881 -3.31948e-06
23.9615 0.235736 0 0 -0.0378509 -0.0343052 -0.253141 -0.268357 -3.28728e-06
23.9615 0.236737 0 0 -0.0375841 -0.0340399 -0.252963 -0.269833 -3.25508e-06
23.9615 0.237738 0 0 -0.0373173 -0.0337746 -0.252786 -0.271309 -3.22288e-06
23.9615 0.238739 0 0 -0.0370505 -0.0335093 -0.252608 -0.272785 -3.19068e-06
23.9615 0.23974 0 0 -0.0367836 -0.0332439 -0.25243 -0.27426 -3.15848e-06
23.9615 0.240741 0 0 -0.0365168 -0.0329786 -0.252253 -0.275736 -3.12628e-06
23.9615 0.241742 0 0 -0.03625 -0.0327133 -0.252075 -0.277212 -3.09408e-06
23.9615 0.242743 0 0 -0.0359832 -0.032448 -0.251898 -0.278688 -3.06188e-06
23.9615 0.243744 0 0 -0.0357164 -0.0321827 -0.25172 -0.280164 -3.02968e-06
23.9615 0.244745 0 0 -0.0354496 -0.0319174 -0.251543 -0.28164 -2.99748e-06
23.9615 0.245746 0 0 -0.0351828 -0.031652 -0.251365 -0.283115 -2.96528e-06
23.9615 0.246747 0 0 -0.034916 -0.0313867 -0.251187 -0.284591 -2.93308e-06
23.9615 0.247748 0 0 -0.0346492 -0.0311214 -0.25101 -0.286067 -2.90088e-06
23.9615 0.248749 0 0 -0.0343823 -0.0308561 -0.250832 -0.287543 -2.86868e-06
23.9615 0.24975 0 0 -0.0341155 -0.0305908 -0.250655 -0.289019 -2.83648e-06
23.9615 0.250751 0 0 -0.0338385 -0.0303262 -0.250367 -0.290387 -2.80272e-06
23.9615 0.251752 0 0 -0.0335581 -0.0300619 -0.250042 -0.29172 -2.76845e-06
23.9615 0.252753 0 0 -0.0332777 -0.0297976 -0.249718 -0.293053 -2.73417e-06
23.9615 0.253754 0 0 -0.0329973 -0.0295333 -0.249394 -0.294386 -2.6999e-06
23.9615 0.254755 0 0 -0.0327168 -0.029269 -0.249069 -0.295719 -2.66562e-06
23.9615 0.255756 0 0 -0.0324364 -0.0290047 -0.248745 -0.297052 -2.63135e-06
23.9615 0.256757 0 0 -0.032156 -0.0287404 -0.24842 -0.298385 -2.59707e-06
23.9615 0.257758 0 0 -0.0318756 -0.0284761 -0.248096 -0.299718 -2.5628e-06
23.9615 0.258759 0 0 -0.0315952 -0.0282118 -0.247771 -0.301051 -2.52852e-06
23.9615 0.25976 0 0 -0.0313148 -0.0279475 -0.247447 -0.302384 -2.49425e-06
23.9615 0.260761 0 0 -0.0310344 -0.0276832 -0.247122 -0.303716 -2.45997e-06
23.9615 0.261762 0 0 -0.0307539 -0.0274188 -0.246798 -0.305049 -2.4257e-06
23.9615 0.262763 0 0 -0.0304735 -0.0271545 -0.246474 -0.306382 -2.39143e-06
23.9615 0.263764 0 0 -0.0301931 -0.0268902 -0.246149 -0.307715 -2.35715e-06
23.9615 0.264765 0 0 -0.0299127 -0.0266259 -0.245825 -0.309048 -2.32288e-06
23.9615 0.265766 0 0 -0.0296313 -0.026363 -0.245476 -0.310353 -2.28846e-06
23.9615 0.266767 0 0 -0.0293442 -0.0261085 -0.244982 -0.311486 -2.2532e-06
23.9615 0.267768 0 0 -0.0290571 -0.0258539 -0.244489 -0.312619 -2.21794e-06
23.9615 0.268769 0 0 -0.0287699 -0.0255994 -0.243995 -0.313751 -2.18268e-06
23.9615 0.26977 0 0 -0.0284828 -0.0253449 -0.243501 -0.314884 -2.14741e-06
23.9615 0.270771 0 0 -0.0281957 -0.0250903 -0.243007 -0.316017 -2.11215e-06
23.9615 0.271772 0 0 -0.0279086 -0.0248358 -0.242513 -0.31715 -2.07689e-06
23.9615 0.272773 0 0 -0.0276214 -0.0245813 -0.242019 -0.318283 -2.04163e-06
23.9615 0.273774 0 0 -0.0273343 -0.0243268 -0.241525 -0.319415 -2.00637e-06
23.9615 0.274775 0 0 -0.0270472 -0.0240722 -0.241031 -0.320548 -1.9711e-06
23.9615 0.275776 0 0 -0.0267601 -0.0238177 -0.240538 -0.321681 -1.93584e-06
23.9615 0.276777 0 0 -0.0264729 -0.0235632 -0.240044 -0.322814 -1.90058e-06
23.9615 0.277778 0 0 -0.0261858 -0.0233086 -0.23955 -0.323947 -1.86532e-06
23.9615 0.278779 0 0 -0.0258987 -0.0230541 -0.239056 -0.32508 -1.83005e-06
23.9615 0.27978 0 0 -0.0256115 -0.0227996 -0.238562 -0.326212 -1.79479e-06
23.9615 0.280781 0 0 -0.0253244 -0.0225451 -0.238068 -0.327345 -1.75953e-06
23.9615 0.281782 0 0 -0.0250382 -0.0223003 -0.237475 -0.328338 -1.72445e-06
23.9615 0.282783 0 0 -0.0247526 -0.0220642 -0.236793 -0.329207 -1.68954e-06
23.9615 0.283784 0 0 -0.0244671 -0.0218281 -0.236112 -0.330076 -1.65463e-06
23.9615 0.284785 0 0 -0.0241816 -0.021592 -0.23543 -0.330945 -1.61971e-06
23.9615 0.285786 0 0 -0.0238961 -0.0213559 -0.234749 -0.331814 -1.5848e-06
23.9615 0.286787 0 0 -0.0236106 -0.0211198 -0.234067 -0.332683 -1.54988e-06
23.9615 0.287788 0 0 -0.0233251 -0.0208837 -0.233386 -0.333552 -1.51497e-06
23.9615 0.288789 0 0 -0.0230395 -0.0206476 -0.232704 -0.334421 -1.48006e-06
23.9615 0.28979 0 0 -0.022754 -0.0204115 -0.232023 -0.33529 -1.44514e-06
23.9615 0.290791 0 0 -0.0224685 -0.0201754 -0.231341 -0.336159 -1.41023e-06
23.9615 0.291792 0 0 -0.022183 -0.0199393 -0.23066 -0.337028 -1.37531e-06
23.9615 0.292793 0 0 -0.0218975 -0.0197032 -0.229978 -0.337897 -1.3404e-06
23.9615 0.293794 0 0 -0.021612 -0.019467 -0.229297 -0.338766 -1.30549e-06
23.9615 0.294795 0 0 -0.0213265 -0.0192309 -0.228615 -0.339635 -1.27057e-06
23.9615 0.295796 0 0 -0.0210409 -0.0189948 -0.227934 -0.340504 -1.23566e-06
23.9615 0.296797 0 0 -0.0207554 -0.0187587 -0.227252 -0.341373 -1.20074e-06
23.9615 0.297798 0 0 -0.0204801 -0.0185466 -0.226388 -0.341937 -1.16755e-06
23.9615 0.298799 0 0 -0.0202057 -0.0183365 -0.225508 -0.342476 -1.1345e-06
23.9615 0.2998 0 0 -0.0199313 -0.0181263 -0.224628 -0.343015 -1.10145e-06
23.9615 0.300801 0 0 -0.0196568 -0.0179162 -0.223749 -0.343553 -1.06839e-06
23.9615 0.301802 0 0 -0.0193824 -0.0177061 -0.222869 -0.344092 -1.03534e-06
23.9615 0.302803 0 0 -0.019108 -0.017496 -0.221989 -0.344631 -1.00229e-06
23.9615 0.303804 0 0 -0.0188336 -0.0172859 -0.22111 -0.34517 -9.69243e-07
23.9615 0.304805 0 0 -0.0185591 -0.0170757 -0.22023 -0.345709 -9.36192e-07
23.9615 0.305806 0 0 -0.0182847 -0.0168656 -0.21935 -0.346247 -9.03141e-07
23.9615 0.306807 0 0 -0.0180103 -0.0166555 -0.21847 -0.346786 -8.7009e-07
23.9615 0.307808 0 0 -0.0177358 -0.0164454 -0.217591 -0.347325 -8.3704e-07
23.9615 0.308809 0 0 -0.0174614 -0.0162352 -0.216711 -0.347864 -8.03989e-07
23.9615 0.30981 0 0 -0.017187 -0.0160251 -0.215831 -0.348402 -7.70938e-07
23.9615 0.310811 0 0 -0.0169126 -0.015815 -0.214952 -0.348941 -7.37887e-07
23.9615 0.311812 0 0 -0.0166381 -0.0156049 -0.214072 -0.34948 -7.04837e-07
23.9615 0.312813 0 0 -0.0163703 -0.0154046 -0.21313 -0.349895 -6.72859e-07
23.9615 0.313814 0 0 -0.0161171 -0.0152259 -0.212053 -0.350041 -6.43242e-07
23.9615 0.314815 0 0 -0.0158638 -0.0150472 -0.210975 -0.350186 -6.13625e-07
23.9615 0.315816 0 0 -0.0156105 -0.0148685 -0.209898 -0.350331 -5.84007e-07
23.9615 0.316817 0 0 -0.0153573 -0.0146898 -0.20882 -0.350476 -5.5439e-07
23.9615 0.317818 0 0 -0.015104 -0.0145111 -0.207743 -0.350621 -5.24772e-07
23.9615 0.318819 0 0 -0.0148507 -0.0143324 -0.206665 -0.350766 -4.95155e-07
23.9615 0.31982 0 0 -0.0145975 -0.0141537 -0.205588 -0.350911 -4.65538e-07
23.9615 0.320821 0 0 -0.0143442 -0.013975 -0.20451 -0.351056 -4.3592e-07
23.9615 0.321822 0 0 -0.014091 -0.0137963 -0.203433 -0.351201 -4.06303e-07
23.9615 0.322823 0 0 -0.0138377 -0.0136176 -0.202355 -0.351346 -3.76685e-07
23.9615 0.323824 0 0 -0.0135844 -0.0134389 -0.201278 -0.351491 -3.47068e-07
23.9615 0.324825 0 0 -0.0133312 -0.0132602 -0.2002 -0.351636 -3.17451e-07
23.9615 0.325826 0 0 -0.0130779 -0.0130815 -0.199123 -0.351781 -2.87833e-07
23.9615 0.326827 0 0 -0.0128247 -0.0129029 -0.198045 -0.351926 -2.58216e-07
23.9615 0.327828 0 0 -0.0125714 -0.0127242 -0.196968 -0.352071 -2.28598e-07
23.9615 0.328829 0 0 -0.01234 -0.0125693 -0.195761 -0.351902 -2.02419e-07
23.9615 0.32983 0 0 -0.0121178 -0.0124245 -0.1945 -0.3516 -1.77691e-07
23.9615 0.330831 0 0 -0.0118955 -0.0122797 -0.193239 -0.351298 -1.52962e-07
23.9615 0.331832 0 0 -0.0116733 -0.0121349 -0.191978 -0.350995 -1.28234e-07
23.9615 0.332833 0 0 -0.0114511 -0.01199 -0.190717 -0.350693 -1.03505e-07
23.9615 0.333834 0 0 -0.0112289 -0.0118452 -0.189456 -0.350391 -7.87764e-08
23.9615 0.334835 0 0 -0.0110067 -0.0117004 -0.188195 -0.350089 -5.40478e-08
23.9615 0.335836 0 0 -0.0107845 -0.0115556 -0.186934 -0.349787 -2.93192e-08
23.9615 0.336837 0 0 -0.0105622 -0.0114108 -0.185673 -0.349485 -4.59061e-09
23.9615 0.337838 0 0 -0.01034 -0.011266 -0.184412 -0.349182 2.0138e-08
23.9615 0.338839 0 0 -0.0101178 -0.0111212 -0.183151 -0.34888 4.48665e-08
23.9615 0.33984 0 0 -0.0098956 -0.0109764 -0.18189 -0.348578 6.95951e-08
23.9615 0.340841 0 0 -0.00967338 -0.0108316 -0.180629 -0.348276 9.43237e-08
23.9615 0.341842 0 0 -0.00945117 -0.0106867 -0.179368 -0.347974 1.19052e-07
23.9615 0.342843 0 0 -0.00922895 -0.0105419 -0.178107 -0.347672 1.43781e-07
23.9615 0.343844 0 0 -0.00901046 -0.0104002 -0.176832 -0.347324 1.67942e-07
23.9615 0.344845 0 0 -0.00882795 -0.0102883 -0.175417 -0.346539 1.86633e-07
23.9615 0.345846 0 0 -0.00864544 -0.0101764 -0.174003 -0.345754 2.05324e-07
23.9615 0.346847 0 0 -0.00846292 -0.0100644 -0.172588 -0.344968 2.24014e-07
23.9615 0.347848 0 0 -0.00828041 -0.00995252 -0.171174 -0.344183 2.42705e-07
23.9615 0.348849 0 0 -0.0080979 -0.00984059 -0.169759 -0.343398 2.61396e-07
23.9615 0.34985 0 0 -0.00791538 -0.00972867 -0.168345 -0.342613 2.80086e-07
23.9615 0.350851 0 0 -0.00773287 -0.00961675 -0.16693 -0.341827 2.98777e-07
23.9615 0.351852 0 0 -0.00755035 -0.00950482 -0.165516 -0.341042 3.17468e-07
23.9615 0.352853 0 0 -0.00736784 -0.0093929 -0.164101 -0.340257 3.36158e-07
23.9615 0.353854 0 0 -0.00718533 -0.00928098 -0.162687 -0.339472 3.54849e-07
23.9615 0.354855 0 0 -0.00700281 -0.00916905 -0.161272 -0.338686 3.7354e-07
23.9615 0.355856 0 0 -0.0068203 -0.00905713 -0.159858 -0.337901 3.92231e-07
23.9615 0.356857 0 0 -0.00663779 -0.00894521 -0.158444 -0.337116 4.10921e-07
23.9615 0.357858 0 0 -0.00645527 -0.00883328 -0.157029 -0.336331 4.29612e-07
23.9615 0.358859 0 0 -0.00627276 -0.00872136 -0.155615 -0.335545 4.48303e-07
23.9615 0.35986 0 0 -0.00611257 -0.00862326 -0.154148 -0.334521 4.63746e-07
23.9615 0.360861 0 0 -0.00597613 -0.00853988 -0.152626 -0.333241 4.75735e-07
23.9615 0.361862 0 0 -0.00583969 -0.00845649 -0.151103 -0.331962 4.87723e-07
23.9615 0.362863 0 0 -0.00570324 -0.0083731 -0.149581 -0.330682 4.99712e-07
23.9615 0.363864 0 0 -0.0055668 -0.00828971 -0.148059 -0.329403 5.117e-07
23.9615 0.364865 0 0 -0.00543036 -0.00820632 -0.146537 -0.328123 5.23689e-07
23.9615 0.365866 0 0 -0.00529392 -0.00812293 -0.145015 -0.326844 5.35677e-07
23.9615 0.366867 0 0 -0.00515748 -0.00803955 -0.143492 -0.325564 5.47666e-07
23.9615 0.367868 0 0 -0.00502104 -0.00795616 -0.14197 -0.324285 5.59655e-07
23.9615 0.368869 0 0 -0.0048846 -0.00787277 -0.140448 -0.323005 5.71643e-07
23.9615 0.36987 0 0 -0.00474816 -0.00778938 -0.138926 -0.321726 5.83632e-07
23.9615 0.370871 0 0 -0.00461172 -0.00770599 -0.137403 -0.320446 5.9562e-07
23.9615 0.371872 0 0 -0.00447528 -0.00762261 -0.135881 -0.319167 6.07609e-07
23.9615 0.372873 0 0 -0.00433883 -0.00753922 -0.134359 -0.317887 6.19597e-07
23.9615 0.373874 0 0 -0.00420239 -0.00745583 -0.132837 -0.316608 6.31586e-07
23.9615 0.374875 0 0 -0.00406595 -0.00737244 -0.131315 -0.315328 6.43575e-07
23.9615 0.375876 0 0 -0.00397262 -0.00730788 -0.12975 -0.313633 6.49652e-07
23.9615 0.376877 0 0 -0.00388543 -0.00724601 -0.128179 -0.311878 6.54886e-07
23.9615 0.377878 0 0 -0.00379825 -0.00718414 -0.126609 -0.310123 6.6012e-07
23.9615 0.378879 0 0 -0.00371106 -0.00712226 -0.125038 -0.308369 6.65354e-07
23.9615 0.37988 0 0 -0.00362388 -0.00706039 -0.123468 -0.306614 6.70589e-07
23.9615 0.380881 0 0 -0.00353669 -0.00699852 -0.121897 -0.304859 6.75823e-07
23.9615 0.381882 0 0 -0.00344951 -0.00693664 -0.120327 -0.303104 6.81057e-07
23.9615 0.382883 0 0 -0.00336232 -0.00687477 -0.118756 -0.301349 6.86291e-07
23.9615 0.383884 0 0 -0.00327514 -0.0068129 -0.117185 -0.299595 6.91525e-07
23.9615 0.384885 0 0 -0.00318795 -0.00675102 -0.115615 -0.29784 6.96759e-07
23.9615 0.385886 0 0 -0.00310077 -0.00668915 -0.114044 -0.296085 7.01993e-07
23.9615 0.386887 0 0 -0.00301358 -0.00662728 -0.112474 -0.29433 7.07227e-07
23.9615 0.387888 0 0 -0.0029264 -0.00656541 -0.110903 -0.292576 7.12461e-07
23.9615 0.388889 0 0 -0.00283921 -0.00650353 -0.109332 -0.290821 7.17695e-07
23.9615 0.38989 0 0 -0.00275203 -0.00644166 -0.107762 -0.289066 7.22929e-07
23.9615 0.390891 0 0 -0.0026778 -0.00638327 -0.106197 -0.287199 7.26529e-07
23.9615 0.391892 0 0 -0.00263939 -0.00633449 -0.104647 -0.28502 7.25613e-07
23.9615 0.392893 0 0 -0.00260097 -0.00628572 -0.103097 -0.282841 7.24697e-07
23.9615 0.393894 0 0 -0.00256256 -0.00623694 -0.101547 -0.280662 7.23781e-07
23.9615 0.394895 0 0 -0.00252414 -0.00618816 -0.0999965 -0.278483 7.22865e-07
23.9615 0.395896 0 0 -0.00248573 -0.00613939 -0.0984465 -0.276304 7.21949e-07
23.9615 0.396897 0 0 -0.00244731 -0.00609061 -0.0968965 -0.274125 7.21033e-07
23.9615 0.397898 0 0 -0.0024089 -0.00604184 -0.0953465 -0.271946 7.20117e-07
23.9615 0.398899 0 0 -0.00237048 -0.00599306 -0.0937964 -0.269767 7.19201e-07
23.9615 0.3999 0 0 -0.00233207 -0.00594429 -0.0922464 -0.267588 7.18285e-07
23.9615 0.400901 0 0 -0.00229365 -0.00589551 -0.0906964 -0.265409 7.17369e-07
23.9615 0.401902 0 0 -0.00225524 -0.00584673 -0.0891463 -0.26323 7.16453e-07
23.9615 0.402903 0 0 -0.00221683 -0.00579796 -0.0875963 -0.261052 7.15537e-07
23.9615 0.403904 0 0 -0.00217841 -0.00574918 -0.0860463 -0.258873 7.14621e-07
23.9615 0.404905 0 0 -0.00214 -0.00570041 -0.0844963 -0.256694 7.13705e-07
23.9615 0.405906 0 0 -0.00210158 -0.00565163 -0.0829462 -0.254515 7.12789e-07
23.9615 0.406907 0 0 -0.00209244 -0.00560611 -0.0814574 -0.252111 7.0863e-07
23.9615 0.407908 0 0 -0.00209863 -0.00556231 -0.0800006 -0.24959 7.02772e-07
23.9615 0.408909 0 0 -0.00210482 -0.0055185 -0.0785438 -0.247068 6.96913e-07
23.9615 0.40991 0 0 -0.00211101 -0.00547469 -0.0770871 -0.244547 6.91055e-07
23.9615 0.410911 0 0 -0.00211719 -0.00543088 -0.0756303 -0.242025 6.85197e-07
23.9615 0.411912 0 0 -0.00212338 -0.00538707 -0.0741735 -0.239504 6.79339e-07
23.9615 0.412913 0 0 -0.00212957 -0.00534326 -0.0727167 -0.236982 6.73481e-07
23.9615 0.413914 0 0 -0.00213576 -0.00529945 -0.07126 -0.234461 6.67623e-07
23.9615 0.414915 0 0 -0.00214195 -0.00525564 -0.0698032 -0.231939 6.61765e-07
23.9615 0.415916 0 0 -0.00214814 -0.00521183 -0.0683464 -0.229418 6.55907e-07
23.9615 0.416917 0 0 -0.00215433 -0.00516802 -0.0668896 -0.226896 6.50048e-07
23.9615 0.417918 0 0 -0.00216051 -0.00512421 -0.0654328 -0.224375 6.4419e-07
23.9615 0.418919 0 0 -0.0021667 -0.0050804 -0.0639761 -0.221853 6.38332e-07
23.9615 0.41992 0 0 -0.00217289 -0.0050366 -0.0625193 -0.219332 6.32474e-07
23.9615 0.420921 0 0 -0.00217908 -0.00499279 -0.0610625 -0.21681 6.26616e-07
23.9615 0.421922 0 0 -0.00218701 -0.00494886 -0.0596134 -0.214277 6.20603e-07
23.9615 0.422923 0 0 -0.00223021 -0.00490263 -0.0583191 -0.211519 6.1146e-07
23.9615 0.423924 0 0 -0.00227342 -0.0048564 -0.0570249 -0.208761 6.02317e-07
23.9615 0.424925 0 0 -0.00231663 -0.00481016 -0.0557307 -0.206003 5.93174e-07
23.9615 0.425926 0 0 -0.00235984 -0.00476393 -0.0544364 -0.203245 5.84031e-07
23.9615 0.426927 0 0 -0.00240305 -0.0047177 -0.0531422 -0.200487 5.74888e-07
23.9615 0.427928 0 0 -0.00244625 -0.00467146 -0.051848 -0.197729 5.65745e-07
23.9615 0.428929 0 0 -0.00248946 -0.00462523 -0.0505537 -0.194971 5.56602e-07
23.9615 0.42993 0 0 -0.00253267 -0.00457899 -0.0492595 -0.192213 5.47459e-07
23.9615 0.430931 0 0 -0.00257588 -0.00453276 -0.0479653 -0.189455 5.38316e-07
23.9615 0.431932 0 0 -0.00261909 -0.00448653 -0.046671 -0.186697 5.29173e-07
23.9615 0.432933 0 0 -0.0026623 -0.00444029 -0.0453768 -0.183939 5.20029e-07
23.9615 0.433934 0 0 -0.0027055 -0.00439406 -0.0440826 -0.181181 5.10886e-07
23.9615 0.434935 0 0 -0.00274871 -0.00434783 -0.0427883 -0.178423 5.01743e-07
23.9615 0.435936 0 0 -0.00279192 -0.00430159 -0.0414941 -0.175665 4.926e-07
23.9615 0.436937 0 0 -0.00283513 -0.00425536 -0.0401999 -0.172907 4.83457e-07
23.9615 0.437938 0 0 -0.00289051 -0.00420382 -0.0390029 -0.170098 4.73711e-07
23.9615 0.438939 0 0 -0.00296153 -0.00414547 -0.0379309 -0.167225 4.6319e-07
23.9615 0.43994 0 0 -0.00303256 -0.00408712 -0.036859 -0.164351 4.52669e-07
23.9615 0.440941 0 0 -0.00310358 -0.00402877 -0.035787 -0.161478 4.42148e-07
23.9615 0.441942 0 0 -0.00317461 -0.00397042 -0.0347151 -0.158604 4.31626e-07
23.9615 0.442943 0 0 -0.00324563 -0.00391207 -0.0336431 -0.155731 4.21105e-07
23.9615 0.443944 0 0 -0.00331666 -0.00385372 -0.0325712 -0.152857 4.10584e-07
23.9615 0.444945 0 0 -0.00338768 -0.00379537 -0.0314992 -0.149984 4.00063e-07
23.9615 0.445946 0 0 -0.00345871 -0.00373702 -0.0304273 -0.14711 3.89542e-07
23.9615 0.446947 0 0 -0.00352973 -0.00367867 -0.0293553 -0.144237 3.79021e-07
23.9615 0.447948 0 0 -0.00360076 -0.00362032 -0.0282834 -0.141363 3.685e-07
23.9615 0.448949 0 0 -0.00367178 -0.00356197 -0.0272114 -0.13849 3.57978e-07
23.9615 0.44995 0 0 -0.00374281 -0.00350361 -0.0261395 -0.135616 3.47457e-07
23.9615 0.450951 0 0 -0.00381384 -0.00344526 -0.0250675 -0.132743 3.36936e-07
23.9615 0.451952 0 0 -0.00388486 -0.00338691 -0.0239956 -0.129869 3.26415e-07
23.9615 0.452953 0 0 -0.00395589 -0.00332856 -0.0229236 -0.126996 3.15894e-07
23.9615 0.453954 0 0 -0.00404634 -0.00325794 -0.0220808 -0.12413 3.05975e-07
23.9615 0.454955 0 0 -0.00414083 -0.00318478 -0.0212855 -0.121266 2.9618e-07
23.9615 0.455956 0 0 -0.00423532 -0.00311162 -0.0204902 -0.118401 2.86385e-07
23.9615 0.456957 0 0 -0.00432982 -0.00303845 -0.0196949 -0.115537 2.76591e-07
23.9615 0.457958 0 0 -0.00442431 -0.00296529 -0.0188996 -0.112673 2.66796e-07
23.9615 0.458959 0 0 -0.0045188 -0.00289212 -0.0181044 -0.109809 2.57002e-07
23.9615 0.45996 0 0 -0.00461329 -0.00281896 -0.0173091 -0.106945 2.47207e-07
23.9615 0.460961 0 0 -0.00470778 -0.00274579 -0.0165138 -0.10408 2.37413e-07
23.9615 0.461962 0 0 -0.00480227 -0.00267263 -0.0157185 -0.101216 2.27618e-07
23.9615 0.462963 0 0 -0.00489676 -0.00259947 -0.0149232 -0.0983521 2.17823e-07
23.9615 0.463964 0 0 -0.00499125 -0.0025263 -0.0141279 -0.095488 2.08029e-07
23.9615 0.464965 0 0 -0.00508574 -0.00245314 -0.0133326 -0.0926238 1.98234e-07
23.9615 0.465966 0 0 -0.00518023 -0.00237997 -0.0125373 -0.0897596 1.8844e-07
23.9615 0.466967 0 0 -0.00527472 -0.00230681 -0.0117421 -0.0868954 1.78645e-07
23.9615 0.467968 0 0 -0.00536921 -0.00223365 -0.0109468 -0.0840313 1.68851e-07
23.9615 0.468969 0 0 -0.00546776 -0.00217025 -0.0102235 -0.0811951 1.59705e-07
23.9615 0.46997 0 0 -0.00558079 -0.00214176 -0.00975741 -0.078459 1.52874e-07
23.9615 0.470971 0 0 -0.00569383 -0.00211326 -0.00929132 -0.0757229 1.46044e-07
23.9615 0.471972 0 0 -0.00580687 -0.00208476 -0.00882523 -0.0729868 1.39214e-07
23.9615 0.472973 0 0 -0.0059199 -0.00205627 -0.00835914 -0.0702507 1.32383e-07
23.9615 0.473974 0 0 -0.00603294 -0.00202777 -0.00789305 -0.0675146 1.25553e-07
23.9615 0.474975 0 0 -0.00614598 -0.00199928 -0.00742696 -0.0647785 1.18723e-07
23.9615 0.475976 0 0 -0.00625901 -0.00197078 -0.00696087 -0.0620424 1.11892e-07
23.9615 0.476977 0 0 -0.00637205 -0.00194228 -0.00649477 -0.0593063 1.05062e-07
23.9615 0.477978 0 0 -0.00648509 -0.00191379 -0.00602868 -0.0565702 9.82319e-08
23.9615 0.478979 0 0 -0.00659812 -0.00188529 -0.00556259 -0.0538341 9.14016e-08
23.9615 0.47998 0 0 -0.00671116 -0.00185679 -0.0050965 -0.051098 8.45713e-08
23.9615 0.480981 0 0 -0.00682419 -0.0018283 -0.00463041 -0.0483619 7.7741e-08
23.9615 0.481982 0 0 -0.00693723 -0.0017998 -0.00416432 -0.0456259 7.09107e-08
23.9615 0.482983 0 0 -0.00705027 -0.0017713 -0.00369822 -0.0428898 6.40804e-08
23.9615 0.483984 0 0 -0.0071633 -0.00174281 -0.00323213 -0.0401537 5.72501e-08
23.9615 0.484985 0 0 -0.00724394 -0.00173835 -0.002931 -0.037559 5.31239e-08
23.9615 0.485986 0 0 -0.0073038 -0.00174929 -0.0027356 -0.0350551 5.07309e-08
23.9615 0.486987 0 0 -0.00736366 -0.00176024 -0.0025402 -0.0325512 4.8338e-08
23.9615 0.487988 0 0 -0.00742353 -0.00177118 -0.0023448 -0.0300472 4.5945e-08
23.9615 0.488989 0 0 -0.00748339 -0.00178213 -0.0021494 -0.0275433 4.35521e-08
23.9615 0.48999 0 0 -0.00754326 -0.00179307 -0.001954 -0.0250394 4.11591e-08
23.9615 0.490991 0 0 -0.00760312 -0.00180402 -0.0017586 -0.0225354 3.87662e-08
23.9615 0.491992 0 0 -0.00766298 -0.00181497 -0.0015632 -0.0200315 3.63732e-08
23.9615 0.492993 0 0 -0.00772285 -0.00182591 -0.0013678 -0.0175276 3.39803e-08
23.9615 0.493994 0 0 -0.00778271 -0.00183686 -0.0011724 -0.0150236 3.15873e-08
23.9615 0.494995 0 0 -0.00784257 -0.0018478 -0.000977 -0.0125197 2.91943e-08
23.9615 0.495996 0 0 -0.00790244 -0.00185875 -0.0007816 -0.0100157 2.68014e-08
23.9615 0.496997 0 0 -0.0079623 -0.00186969 -0.0005862 -0.00751181 2.44084e-08
23.9615 0.497998 0 0 -0.00802217 -0.00188064 -0.0003908 -0.00500787 2.20155e-08
23.9615 0.498999 0 0 -0.00808203 -0.00189159 -0.0001954 -0.00250394 1.96225e-08
