# 1:t 2:x 3:y 4:z 5:P 6:Pmac 7:U 8:V 9:DU
125.754 -0.5 0 0 0.0156615 0.0121168 0 0 -5.44785e-09
125.754 -0.49 0 0 0.0156247 0.0122563 0.00240985 0.0922175 -8.2831e-09
125.754 -0.48 0 0 0.0154499 0.0124697 0.00431265 0.170922 -1.15696e-08
125.754 -0.47 0 0 0.0150975 0.0127782 0.00556353 0.232254 -1.54364e-08
125.754 -0.46 0 0 0.0143273 0.0129131 0.00514314 0.273523 -1.63767e-08
125.754 -0.45 0 0 0.0133518 0.0127144 0.00411174 0.308087 -1.6302e-08
125.754 -0.44 0 0 0.0120561 0.011836 0.00226133 0.334204 -1.49139e-08
125.754 -0.43 0 0 0.0103534 0.0101393 0.000255975 0.355294 -1.30831e-08
125.754 -0.42 0 0 0.00841689 0.00806083 -0.00177896 0.373637 -1.09724e-08
125.754 -0.41 0 0 0.00605564 0.00550989 -0.00371822 0.387338 -8.28813e-09
125.754 -0.4 0 0 0.0034144 0.00264196 -0.0055475 0.397266 -4.9616e-09
125.754 -0.39 0 0 0.000584557 -0.000437358 -0.00729922 0.40455 -1.18176e-09
125.754 -0.38 0 0 -0.0025543 -0.00383452 -0.0088774 0.406159 3.61676e-09
125.754 -0.37 0 0 -0.00578641 -0.00728365 -0.0103779 0.405077 8.95091e-09
125.754 -0.36 0 0 -0.00911178 -0.0107847 -0.0118007 0.401304 1.48207e-08
125.754 -0.35 0 0 -0.0124892 -0.0142718 -0.013112 0.393619 2.15822e-08
125.754 -0.34 0 0 -0.015852 -0.0177183 -0.0143852 0.384644 2.86766e-08
125.754 -0.33 0 0 -0.0191845 -0.0210989 -0.0156069 0.373952 3.62267e-08
125.754 -0.32 0 0 -0.0224233 -0.0243564 -0.0167879 0.36211 4.41503e-08
125.754 -0.31 0 0 -0.0256035 -0.0275442 -0.0179514 0.349901 5.22055e-08
125.754 -0.3 0 0 -0.0286725 -0.0306079 -0.0190902 0.33739 6.03969e-08
125.754 -0.29 0 0 -0.0316329 -0.0335561 -0.0202098 0.325021 6.85525e-08
125.754 -0.28 0 0 -0.0345247 -0.0364321 -0.0213167 0.312774 7.66645e-08
125.754 -0.27 0 0 -0.0372818 -0.0391715 -0.022397 0.300926 8.45865e-08
125.754 -0.26 0 0 -0.0399574 -0.0418324 -0.0234558 0.289335 9.23491e-08
125.754 -0.25 0 0 -0.0425696 -0.0444321 -0.0244981 0.277945 9.99875e-08
125.754 -0.24 0 0 -0.045043 -0.0468959 -0.0254967 0.266901 1.07341e-07
125.754 -0.23 0 0 -0.0474568 -0.0492998 -0.0264759 0.255952 1.14579e-07
125.754 -0.22 0 0 -0.0497939 -0.0516267 -0.0274302 0.245122 1.21668e-07
125.754 -0.21 0 0 -0.0520115 -0.0538305 -0.0283484 0.234393 1.28542e-07
125.754 -0.2 0 0 -0.0541686 -0.0559716 -0.0292507 0.223697 1.35302e-07
125.754 -0.19 0 0 -0.0562304 -0.0580132 -0.0301291 0.213041 1.41879e-07
125.754 -0.18 0 0 -0.0581862 -0.0599435 -0.0309879 0.202412 1.48214e-07
125.754 -0.17 0 0 -0.0600796 -0.0618084 -0.0318368 0.191798 1.54392e-07
125.754 -0.16 0 0 -0.0618559 -0.0635505 -0.0326715 0.181212 1.60237e-07
125.754 -0.15 0 0 -0.0635408 -0.0651967 -0.0335005 0.170651 1.65763e-07
125.754 -0.14 0 0 -0.0651617 -0.0667758 -0.0343261 0.160106 1.71061e-07
125.754 -0.13 0 0 -0.0666439 -0.0682096 -0.0351506 0.149602 1.75792e-07
125.754 -0.12 0 0 -0.0680514 -0.0695648 -0.0359781 0.13912 1.80178e-07
125.754 -0.11 0 0 -0.0693843 -0.0708414 -0.0368086 0.12866 1.8422e-07
125.754 -0.1 0 0 -0.0705761 -0.0719674 -0.0376505 0.118239 1.87554e-07
125.754 -0.09 0 0 -0.0717017 -0.0730227 -0.0385 0.107834 1.90541e-07
125.754 -0.08 0 0 -0.0727327 -0.0739772 -0.0393608 0.0974519 1.93029e-07
125.754 -0.07 0 0 -0.0736404 -0.0748023 -0.0402411 0.0870946 1.94847e-07
125.754 -0.06 0 0 -0.0744816 -0.0755578 -0.041133 0.0767485 1.96302e-07
125.754 -0.05 0 0 -0.0752086 -0.0761944 -0.0420466 0.0664197 1.97131e-07
125.754 -0.04 0 0 -0.0758307 -0.0767223 -0.0429833 0.0561012 1.97392e-07
125.754 -0.03 0 0 -0.076386 -0.0771811 -0.0439353 0.0457885 1.97294e-07
125.754 -0.02 0 0 -0.0768076 -0.0775024 -0.0449205 0.0354823 1.96489e-07
125.754 -0.01 0 0 -0.0771433 -0.077735 -0.0459287 0.025176 1.95241e-07
125.754 0 0 0 -0.0774121 -0.0778987 -0.046955 0.0148695 1.9365e-07
125.754 0.01 0 0 -0.0775287 -0.0779066 -0.0480265 0.00455475 1.91329e-07
125.754 0.02 0 0 -0.0775792 -0.0778467 -0.0491184 -0.00576641 1.88706e-07
125.754 0.03 0 0 -0.0775447 -0.0776996 -0.0502365 -0.0160958 1.85694e-07
125.754 0.04 0 0 -0.0773782 -0.0774158 -0.0513965 -0.026445 1.82134e-07
125.754 0.05 0 0 -0.0771458 -0.0770638 -0.052578 -0.0368072 1.78332e-07
125.754 0.06 0 0 -0.0768102 -0.0766048 -0.0537939 -0.0471917 1.74166e-07
125.754 0.07 0 0 -0.076363 -0.0760296 -0.0550465 -0.0576069 1.69657e-07
125.754 0.08 0 0 -0.0758509 -0.0753872 -0.0563207 -0.0680419 1.64964e-07
125.754 0.09 0 0 -0.0752191 -0.0746211 -0.0576347 -0.0785175 1.59978e-07
125.754 0.1 0 0 -0.0744964 -0.0737615 -0.0589782 -0.0890305 1.54822e-07
125.754 0.11 0 0 -0.07371 -0.0728366 -0.0603424 -0.0995701 1.49553e-07
125.754 0.12 0 0 -0.072789 -0.0717739 -0.0617485 -0.110175 1.44113e-07
125.754 0.13 0 0 -0.0717975 -0.0706392 -0.0631755 -0.120819 1.3862e-07
125.754 0.14 0 0 -0.0707352 -0.0694324 -0.0646231 -0.131503 1.33076e-07
125.754 0.15 0 0 -0.069543 -0.0680932 -0.0661058 -0.142272 1.27501e-07
125.754 0.16 0 0 -0.068291 -0.0666936 -0.0676032 -0.153085 1.21936e-07
125.754 0.17 0 0 -0.0669541 -0.065208 -0.0691209 -0.163962 1.16391e-07
125.754 0.18 0 0 -0.065509 -0.0636143 -0.0706609 -0.174935 1.10925e-07
125.754 0.19 0 0 -0.0640064 -0.0619636 -0.0722111 -0.185964 1.05523e-07
125.754 0.2 0 0 -0.0624062 -0.060217 -0.0737764 -0.197092 1.00257e-07
125.754 0.21 0 0 -0.0607187 -0.0583865 -0.0753486 -0.208321 9.51953e-08
125.754 0.22 0 0 -0.058976 -0.0565036 -0.0769234 -0.219614 9.02844e-08
125.754 0.23 0 0 -0.0571249 -0.0545203 -0.078494 -0.231041 8.57776e-08
125.754 0.24 0 0 -0.0552064 -0.0524778 -0.0800493 -0.242546 8.16514e-08
125.754 0.25 0 0 -0.0532352 -0.0503893 -0.0815928 -0.254113 7.78212e-08
125.754 0.26 0 0 -0.0511487 -0.048207 -0.0830758 -0.265779 7.4913e-08
125.754 0.27 0 0 -0.0490145 -0.0459895 -0.0845117 -0.277452 7.25005e-08
125.754 0.28 0 0 -0.0468191 -0.0437266 -0.0858871 -0.289132 7.07257e-08
125.754 0.29 0 0 -0.0445365 -0.0414028 -0.0871168 -0.300713 6.99859e-08
125.754 0.3 0 0 -0.0422144 -0.0390469 -0.0882563 -0.312201 6.96598e-08
125.754 0.31 0 0 -0.0398326 -0.03664 -0.0892431 -0.323518 6.99185e-08
125.754 0.32 0 0 -0.0373969 -0.0341417 -0.0900624 -0.334656 7.00486e-08
125.754 0.33 0 0 -0.0349319 -0.0315676 -0.0908157 -0.345784 6.97454e-08
125.754 0.34 0 0 -0.0324176 -0.028797 -0.0915248 -0.357134 6.77505e-08
125.754 0.35 0 0 -0.0298617 -0.025781 -0.0925144 -0.369625 6.30076e-08
125.754 0.36 0 0 -0.0272737 -0.0225968 -0.0937528 -0.383089 5.62942e-08
125.754 0.37 0 0 -0.024578 -0.0190984 -0.0961981 -0.400875 4.47568e-08
125.754 0.38 0 0 -0.0217633 -0.0157446 -0.0995547 -0.422175 3.25209e-08
125.754 0.39 0 0 -0.0188298 -0.0125354 -0.103822 -0.446989 1.95866e-08
125.754 0.4 0 0 -0.0155044 -0.010613 -0.108639 -0.476095 1.29129e-08
125.754 0.41 0 0 -0.0119759 -0.00948274 -0.112214 -0.502638 1.11813e-08
125.754 0.42 0 0 -0.00815254 -0.0095296 -0.113659 -0.524429 1.6991e-08
125.754 0.43 0 0 -0.0042896 -0.0103683 -0.108326 -0.523468 2.87636e-08
125.754 0.44 0 0 -0.000640399 -0.0111926 -0.0989102 -0.506006 4.06236e-08
125.754 0.45 0 0 0.00234027 -0.0114252 -0.0819429 -0.454794 4.86177e-08
125.754 0.46 0 0 0.00426359 -0.00929064 -0.0608423 -0.374263 4.65525e-08
125.754 0.47 0 0 0.00552036 -0.00579933 -0.0383847 -0.278745 3.87302e-08
125.754 0.48 0 0 0.00547548 -0.000342872 -0.0195795 -0.171614 2.26148e-08
125.754 0.49 0 0 0.0052534 0.00348396 -0.00726538 -0.0798363 1.07603e-08
