# 1:t 2:x 3:y 4:z 5:P 6:Pmac 7:U 8:V 9:DU
300 -0.5 0 0 0.0205701 0.0142044 0 0 7.01496e-09
300 -0.49 0 0 0.0203744 0.0153743 0.0063943 0.132204 6.33073e-08
300 -0.48 0 0 0.019893 0.01656 0.0107599 0.236762 1.4322e-07
300 -0.47 0 0 0.0190443 0.0177661 0.0125172 0.305777 2.535e-07
300 -0.46 0 0 0.0175343 0.017243 0.0123249 0.347966 3.42936e-07
300 -0.45 0 0 0.0157114 0.0160023 0.0116856 0.382216 4.21433e-07
300 -0.44 0 0 0.0134078 0.0137266 0.0106757 0.407435 4.82419e-07
300 -0.43 0 0 0.0105748 0.0107265 0.00962981 0.424193 5.34465e-07
300 -0.42 0 0 0.00747928 0.00740733 0.00854654 0.436058 5.80562e-07
300 -0.41 0 0 0.00401046 0.00375115 0.00735309 0.438936 6.13793e-07
300 -0.4 0 0 0.000418371 -6.45015e-06 0.00606207 0.436331 6.38404e-07
300 -0.39 0 0 -0.00324766 -0.00382303 0.00470767 0.430106 6.57279e-07
300 -0.38 0 0 -0.00691352 -0.0076116 0.00328064 0.418914 6.67701e-07
300 -0.37 0 0 -0.0105199 -0.0113168 0.00183511 0.406702 6.76363e-07
300 -0.36 0 0 -0.0140667 -0.0149386 0.000371081 0.39347 6.83265e-07
300 -0.35 0 0 -0.0174689 -0.0184068 -0.00108085 0.380319 6.91275e-07
300 -0.34 0 0 -0.0208064 -0.0218121 -0.00251466 0.367505 7.00837e-07
300 -0.33 0 0 -0.0240523 -0.0251295 -0.0039196 0.355247 7.12861e-07
300 -0.32 0 0 -0.0271922 -0.0283497 -0.00527176 0.343621 7.28534e-07
300 -0.31 0 0 -0.0302765 -0.031511 -0.00659445 0.332233 7.46012e-07
300 -0.3 0 0 -0.0332672 -0.0345632 -0.00786526 0.321117 7.66375e-07
300 -0.29 0 0 -0.0361694 -0.0375078 -0.00909504 0.310041 7.8882e-07
300 -0.28 0 0 -0.0390144 -0.0403859 -0.0103001 0.29898 8.12557e-07
300 -0.27 0 0 -0.0417407 -0.0431396 -0.0114629 0.28789 8.3872e-07
300 -0.26 0 0 -0.0443868 -0.0458084 -0.0126044 0.276805 8.66487e-07
300 -0.25 0 0 -0.0469705 -0.0484113 -0.0137295 0.265724 8.95503e-07
300 -0.24 0 0 -0.0494078 -0.0508619 -0.0148258 0.254716 9.27381e-07
300 -0.23 0 0 -0.0517802 -0.0532459 -0.0159118 0.243755 9.60476e-07
300 -0.22 0 0 -0.0540695 -0.0555442 -0.0169846 0.232852 9.95135e-07
300 -0.21 0 0 -0.0562287 -0.0577085 -0.0180411 0.222041 1.03201e-06
300 -0.2 0 0 -0.0583228 -0.0598056 -0.019091 0.211269 1.06991e-06
300 -0.19 0 0 -0.0603144 -0.061797 -0.0201317 0.20056 1.10937e-06
300 -0.18 0 0 -0.0621938 -0.0636716 -0.0211661 0.189906 1.15029e-06
300 -0.17 0 0 -0.0640075 -0.0654762 -0.0221979 0.179285 1.19199e-06
300 -0.16 0 0 -0.0656981 -0.0671462 -0.023227 0.16872 1.23496e-06
300 -0.15 0 0 -0.0672938 -0.0687123 -0.0242585 0.158197 1.27873e-06
300 -0.14 0 0 -0.068823 -0.0702063 -0.025292 0.147702 1.32303e-06
300 -0.13 0 0 -0.0702103 -0.0715519 -0.0263348 0.137267 1.36819e-06
300 -0.12 0 0 -0.0715217 -0.0728185 -0.0273852 0.12686 1.41358e-06
300 -0.11 0 0 -0.0727573 -0.0740061 -0.0284432 0.116482 1.4592e-06
300 -0.1 0 0 -0.0738502 -0.0750454 -0.0295207 0.106154 1.5048e-06
300 -0.09 0 0 -0.0748766 -0.0760153 -0.0306092 0.0958454 1.5502e-06
300 -0.08 0 0 -0.0758078 -0.0768862 -0.0317137 0.0855654 1.59526e-06
300 -0.07 0 0 -0.0766152 -0.0776277 -0.032843 0.0753168 1.63945e-06
300 -0.06 0 0 -0.0773559 -0.0782994 -0.0339867 0.0650835 1.68305e-06
300 -0.05 0 0 -0.0779823 -0.0788514 -0.0351568 0.0548742 1.72547e-06
300 -0.04 0 0 -0.0785039 -0.0792933 -0.036354 0.0446823 1.76643e-06
300 -0.03 0 0 -0.0789587 -0.0796648 -0.0375687 0.0345007 1.80638e-06
300 -0.02 0 0 -0.0792801 -0.0798928 -0.0388199 0.0243353 1.84385e-06
300 -0.01 0 0 -0.0795161 -0.0800302 -0.0400979 0.0141762 1.87957e-06
300 0 0 0 -0.0796856 -0.0800972 -0.0413968 0.00402194 1.91391e-06
300 0.01 0 0 -0.0797041 -0.0800153 -0.0427449 -0.00612802 1.94445e-06
300 0.02 0 0 -0.0796567 -0.0798684 -0.0441151 -0.0162804 1.97299e-06
300 0.03 0 0 -0.0795244 -0.0796378 -0.0455135 -0.0264358 1.99896e-06
300 0.04 0 0 -0.0792603 -0.0792716 -0.0469582 -0.0366066 2.02053e-06
300 0.05 0 0 -0.0789306 -0.0788371 -0.0484258 -0.0467879 2.03968e-06
300 0.06 0 0 -0.0784977 -0.0782952 -0.049929 -0.0569873 2.05488e-06
300 0.07 0 0 -0.077953 -0.0776367 -0.0514712 -0.0672127 2.06534e-06
300 0.08 0 0 -0.0773432 -0.0769101 -0.0530357 -0.0774549 2.07296e-06
300 0.09 0 0 -0.076613 -0.0760576 -0.0546412 -0.0877325 2.07508e-06
300 0.1 0 0 -0.075791 -0.075109 -0.0562773 -0.0980431 2.07286e-06
300 0.11 0 0 -0.0749047 -0.0740935 -0.0579348 -0.108378 2.0676e-06
300 0.12 0 0 -0.0738818 -0.0729369 -0.0596368 -0.118772 2.05583e-06
300 0.13 0 0 -0.0727867 -0.0717064 -0.0613608 -0.129205 2.04067e-06
300 0.14 0 0 -0.0716196 -0.0704019 -0.0631069 -0.139676 2.02211e-06
300 0.15 0 0 -0.0703186 -0.0689609 -0.0648897 -0.150228 1.99778e-06
300 0.16 0 0 -0.0689559 -0.0674571 -0.0666874 -0.160821 1.97115e-06
300 0.17 0 0 -0.0675052 -0.0658639 -0.068506 -0.171474 1.94133e-06
300 0.18 0 0 -0.0659416 -0.0641567 -0.0703462 -0.182213 1.90815e-06
300 0.19 0 0 -0.0643178 -0.0623892 -0.072196 -0.193001 1.87328e-06
300 0.2 0 0 -0.0625914 -0.0605193 -0.0740597 -0.203875 1.83569e-06
300 0.21 0 0 -0.0607725 -0.0585582 -0.075929 -0.214832 1.79542e-06
300 0.22 0 0 -0.058895 -0.0565396 -0.0778004 -0.225844 1.75324e-06
300 0.23 0 0 -0.0569022 -0.054408 -0.0796682 -0.236966 1.70639e-06
300 0.24 0 0 -0.0548368 -0.0522056 -0.0815273 -0.248163 1.65557e-06
300 0.25 0 0 -0.0527149 -0.049948 -0.0833797 -0.259419 1.60168e-06
300 0.26 0 0 -0.0504668 -0.0475671 -0.0852088 -0.27083 1.54178e-06
300 0.27 0 0 -0.0481646 -0.0451338 -0.0870266 -0.282327 1.48265e-06
300 0.28 0 0 -0.0457926 -0.042633 -0.0888299 -0.293934 1.42448e-06
300 0.29 0 0 -0.0433135 -0.0400328 -0.090612 -0.305764 1.37568e-06
300 0.3 0 0 -0.0407809 -0.0373882 -0.0923819 -0.317718 1.32857e-06
300 0.31 0 0 -0.0381643 -0.0346773 -0.0941318 -0.329875 1.28224e-06
300 0.32 0 0 -0.0354565 -0.0319235 -0.0958258 -0.342195 1.20649e-06
300 0.33 0 0 -0.0326964 -0.0291577 -0.0974582 -0.354535 1.10213e-06
300 0.34 0 0 -0.0298418 -0.026401 -0.0989045 -0.366734 9.16307e-07
300 0.35 0 0 -0.0269235 -0.0236518 -0.100003 -0.37832 6.41447e-07
300 0.36 0 0 -0.0239622 -0.0208891 -0.100843 -0.389445 3.0391e-07
300 0.37 0 0 -0.0209318 -0.0178575 -0.100918 -0.399143 -1.72425e-07
300 0.38 0 0 -0.0178868 -0.0143738 -0.100939 -0.40906 -7.12861e-07
300 0.39 0 0 -0.0148273 -0.0104379 -0.100903 -0.419195 -1.3174e-06
300 0.4 0 0 -0.0117557 -0.00601114 -0.103019 -0.435521 -1.89206e-06
300 0.41 0 0 -0.00859 -0.00228048 -0.106613 -0.456189 -2.32507e-06
300 0.42 0 0 -0.00526883 0.000235425 -0.112433 -0.483408 -2.52529e-06
300 0.43 0 0 -0.00146088 -0.000460612 -0.116502 -0.5066 -2.34678e-06
300 0.44 0 0 0.00246779 -0.00242153 -0.116884 -0.517949 -2.0683e-06
300 0.45 0 0 0.00642161 -0.00595345 -0.107416 -0.496559 -1.75207e-06
300 0.46 0 0 0.0093669 -0.00677125 -0.0862211 -0.424863 -1.45105e-06
300 0.47 0 0 0.0115849 -0.00536436 -0.0592593 -0.32478 -1.13375e-06
300 0.48 0 0 0.0119211 0.00297955 -0.0292427 -0.186054 -6.54136e-07
300 0.49 0 0 0.0118781 0.0101027 -0.0103106 -0.0802314 -2.87895e-07
