# 1:t 2:x 3:y 4:z 5:P 6:Pmac 7:U 8:V 9:DU
34.7718 -0.5 0 0 0.0125436 0.00920101 0 0 -5.6063e-07
34.7718 -0.49 0 0 0.0125275 0.00927423 0.00069324 0.0649233 -1.1052e-06
34.7718 -0.48 0 0 0.0124462 0.00940354 0.00117734 0.122702 -1.89009e-06
34.7718 -0.47 0 0 0.0122811 0.00960498 0.00139255 0.171295 -2.98396e-06
34.7718 -0.46 0 0 0.0118849 0.00977908 0.000655141 0.207808 -3.84585e-06
34.7718 -0.45 0 0 0.0113641 0.00980893 -0.000573601 0.239486 -4.55222e-06
34.7718 -0.44 0 0 0.010642 0.00953004 -0.00258389 0.264322 -4.9894e-06
34.7718 -0.43 0 0 0.00966512 0.00878969 -0.00511517 0.284487 -5.34559e-06
34.7718 -0.42 0 0 0.00853479 0.00779821 -0.00787021 0.302369 -5.68852e-06
34.7718 -0.41 0 0 0.00710735 0.00638499 -0.0108423 0.317112 -6.091e-06
34.7718 -0.4 0 0 0.00544621 0.00466905 -0.0138029 0.330034 -6.57127e-06
34.7718 -0.39 0 0 0.00362224 0.00274574 -0.0167457 0.341687 -7.10494e-06
34.7718 -0.38 0 0 0.00145912 0.000436515 -0.0195246 0.350678 -7.73943e-06
34.7718 -0.37 0 0 -0.000870317 -0.00205154 -0.0221799 0.358128 -8.40658e-06
34.7718 -0.36 0 0 -0.00336607 -0.00471843 -0.0247116 0.364038 -9.10638e-06
34.7718 -0.35 0 0 -0.00612744 -0.00765571 -0.0269802 0.366867 -9.82781e-06
34.7718 -0.34 0 0 -0.00898747 -0.0106878 -0.0291239 0.368252 -1.05439e-05
34.7718 -0.33 0 0 -0.0119824 -0.013848 -0.0310887 0.367572 -1.12487e-05
34.7718 -0.32 0 0 -0.0150896 -0.0171007 -0.032832 0.364371 -1.19116e-05
34.7718 -0.31 0 0 -0.0182373 -0.0203808 -0.0344635 0.359912 -1.25463e-05
34.7718 -0.3 0 0 -0.0214288 -0.0236788 -0.0359124 0.353422 -1.31256e-05
34.7718 -0.29 0 0 -0.02461 -0.0269392 -0.0372225 0.345428 -1.36506e-05
34.7718 -0.28 0 0 -0.0277772 -0.0301683 -0.0384499 0.336551 -1.41427e-05
34.7718 -0.27 0 0 -0.0308785 -0.0332981 -0.0395414 0.326267 -1.45767e-05
34.7718 -0.26 0 0 -0.0339123 -0.0363423 -0.0405715 0.315394 -1.49879e-05
34.7718 -0.25 0 0 -0.0368937 -0.0393197 -0.0415538 0.304061 -1.53813e-05
34.7718 -0.24 0 0 -0.0397259 -0.0421236 -0.0424681 0.292166 -1.57677e-05
34.7718 -0.23 0 0 -0.042486 -0.0448481 -0.0433666 0.280188 -1.61655e-05
34.7718 -0.22 0 0 -0.0451533 -0.0474706 -0.0442449 0.268103 -1.65781e-05
34.7718 -0.21 0 0 -0.0476709 -0.0499349 -0.0451115 0.256074 -1.70371e-05
34.7718 -0.2 0 0 -0.0501137 -0.0523216 -0.0459766 0.244117 -1.75246e-05
34.7718 -0.19 0 0 -0.0524391 -0.0545873 -0.0468419 0.232301 -1.80601e-05
34.7718 -0.18 0 0 -0.0546388 -0.0567256 -0.0477126 0.22068 -1.8652e-05
34.7718 -0.17 0 0 -0.0567661 -0.0587904 -0.0485868 0.209171 -1.92758e-05
34.7718 -0.16 0 0 -0.0587606 -0.060721 -0.0494687 0.197867 -1.99563e-05
34.7718 -0.15 0 0 -0.0606554 -0.0625504 -0.0503565 0.186697 -2.06719e-05
34.7718 -0.14 0 0 -0.0624804 -0.064309 -0.0512484 0.175615 -2.14107e-05
34.7718 -0.13 0 0 -0.0641578 -0.0659164 -0.0521488 0.164683 -2.21837e-05
34.7718 -0.12 0 0 -0.065757 -0.0674427 -0.0530536 0.153805 -2.29632e-05
34.7718 -0.11 0 0 -0.067278 -0.0688879 -0.053963 0.142981 -2.37495e-05
34.7718 -0.1 0 0 -0.0686523 -0.0701799 -0.0548822 0.132216 -2.45261e-05
34.7718 -0.09 0 0 -0.0699577 -0.0714001 -0.055807 0.121467 -2.52898e-05
34.7718 -0.08 0 0 -0.0711646 -0.0725177 -0.0567399 0.110737 -2.60331e-05
34.7718 -0.07 0 0 -0.0722426 -0.0735008 -0.0576864 0.100015 -2.6733e-05
34.7718 -0.06 0 0 -0.0732506 -0.0744111 -0.0586414 0.089293 -2.74051e-05
34.7718 -0.05 0 0 -0.0741383 -0.0751962 -0.0596122 0.0785675 -2.80238e-05
34.7718 -0.04 0 0 -0.0749148 -0.0758652 -0.0606008 0.0678331 -2.85828e-05
34.7718 -0.03 0 0 -0.0756204 -0.0764603 -0.0616013 0.0570924 -2.91022e-05
34.7718 -0.02 0 0 -0.0761835 -0.0769065 -0.0626287 0.0463362 -2.9534e-05
34.7718 -0.01 0 0 -0.0766545 -0.0772554 -0.0636757 0.0355683 -2.99031e-05
34.7718 0 0 0 -0.0770539 -0.0775287 -0.0647381 0.0247913 -3.02233e-05
34.7718 0.01 0 0 -0.0772891 -0.0776243 -0.0658396 0.0139903 -3.04226e-05
34.7718 0.02 0 0 -0.0774528 -0.0776554 -0.0669598 0.00317755 -3.05654e-05
34.7718 0.03 0 0 -0.0775246 -0.0776035 -0.0681038 -0.00765046 -3.06356e-05
34.7718 0.04 0 0 -0.0774541 -0.077422 -0.0692863 -0.0185058 -3.05867e-05
34.7718 0.05 0 0 -0.0773127 -0.0771668 -0.0704884 -0.0293765 -3.0477e-05
34.7718 0.06 0 0 -0.0770601 -0.0767897 -0.0717217 -0.0402723 -3.02706e-05
34.7718 0.07 0 0 -0.076687 -0.0762846 -0.0729893 -0.0511996 -2.9957e-05
34.7718 0.08 0 0 -0.0762439 -0.0757057 -0.0742766 -0.0621463 -2.95808e-05
34.7718 0.09 0 0 -0.0756717 -0.074992 -0.0756001 -0.0731319 -2.90875e-05
34.7718 0.1 0 0 -0.0750018 -0.0741774 -0.0769493 -0.0841507 -2.85045e-05
34.7718 0.11 0 0 -0.0742635 -0.0732924 -0.0783161 -0.0951931 -2.78586e-05
34.7718 0.12 0 0 -0.0733812 -0.0722603 -0.0797161 -0.106289 -2.70793e-05
34.7718 0.13 0 0 -0.0724237 -0.071152 -0.0811296 -0.117414 -2.62302e-05
34.7718 0.14 0 0 -0.071391 -0.0699678 -0.0825565 -0.128567 -2.53112e-05
34.7718 0.15 0 0 -0.070221 -0.0686463 -0.0839978 -0.13977 -2.42649e-05
34.7718 0.16 0 0 -0.0689887 -0.0672631 -0.0854405 -0.150992 -2.31614e-05
34.7718 0.17 0 0 -0.0676679 -0.0657926 -0.0868838 -0.16224 -2.19765e-05
34.7718 0.18 0 0 -0.0662365 -0.0642145 -0.0883146 -0.173508 -2.06931e-05
34.7718 0.19 0 0 -0.0647473 -0.0625805 -0.0897344 -0.18478 -1.93599e-05
34.7718 0.2 0 0 -0.063161 -0.0608531 -0.0911298 -0.196053 -1.79459e-05
34.7718 0.21 0 0 -0.0614912 -0.0590449 -0.0924936 -0.207311 -1.6473e-05
34.7718 0.22 0 0 -0.0597694 -0.0571859 -0.0938371 -0.218557 -1.4967e-05
34.7718 0.23 0 0 -0.057949 -0.055228 -0.095138 -0.229777 -1.34172e-05
34.7718 0.24 0 0 -0.0560703 -0.0532058 -0.0964226 -0.240998 -1.18702e-05
34.7718 0.25 0 0 -0.0541464 -0.0511335 -0.0976944 -0.25222 -1.03254e-05
34.7718 0.26 0 0 -0.0521266 -0.0489361 -0.0989964 -0.263569 -8.8667e-06
34.7718 0.27 0 0 -0.0500666 -0.0466735 -0.100364 -0.275097 -7.4931e-06
34.7718 0.28 0 0 -0.047955 -0.0443273 -0.101815 -0.286854 -6.22891e-06
34.7718 0.29 0 0 -0.0457589 -0.0418215 -0.103571 -0.299426 -5.24442e-06
34.7718 0.3 0 0 -0.0435148 -0.0392276 -0.105562 -0.312658 -4.43338e-06
34.7718 0.31 0 0 -0.0411912 -0.0364899 -0.107976 -0.327089 -3.916e-06
34.7718 0.32 0 0 -0.038751 -0.0336109 -0.111052 -0.343591 -3.73702e-06
34.7718 0.33 0 0 -0.0362305 -0.0306736 -0.114531 -0.361455 -3.72898e-06
34.7718 0.34 0 0 -0.0335308 -0.0276873 -0.118793 -0.382235 -3.97288e-06
34.7718 0.35 0 0 -0.0306422 -0.0248336 -0.123396 -0.405124 -4.1962e-06
34.7718 0.36 0 0 -0.0276174 -0.022095 -0.128159 -0.429336 -4.37732e-06
34.7718 0.37 0 0 -0.0242511 -0.019889 -0.132261 -0.454402 -4.11085e-06
34.7718 0.38 0 0 -0.0207205 -0.0180936 -0.134955 -0.477116 -3.46349e-06
34.7718 0.39 0 0 -0.0170256 -0.0167088 -0.13624 -0.497478 -2.43525e-06
34.7718 0.4 0 0 -0.0132366 -0.0160307 -0.132649 -0.505646 -8.2846e-07
34.7718 0.41 0 0 -0.00956959 -0.0154988 -0.126217 -0.50495 8.25977e-07
34.7718 0.42 0 0 -0.00611627 -0.015132 -0.115594 -0.490835 2.49554e-06
34.7718 0.43 0 0 -0.00336768 -0.0143888 -0.0999755 -0.455496 3.6016e-06
34.7718 0.44 0 0 -0.00108163 -0.0133151 -0.082413 -0.4094 4.30562e-06
34.7718 0.45 0 0 0.000304718 -0.0115104 -0.062477 -0.345724 4.19361e-06
34.7718 0.46 0 0 0.000963857 -0.0085651 -0.0433826 -0.273314 3.47008e-06
34.7718 0.47 0 0 0.00119581 -0.00509439 -0.0254491 -0.197246 2.45666e-06
34.7718 0.48 0 0 0.000751273 -0.00157524 -0.0129633 -0.123366 1.35983e-06
34.7718 0.49 0 0 0.000332475 0.000659312 -0.00480053 -0.0582675 6.32808e-07
