# 1:t 2:x 3:y 4:z 5:P 6:Pmac 7:U 8:V 9:DU
2.44953 -0.5 0 0 -0.123549 -0.141587 0 0 -1.44038e-10
2.44953 -0.49 0 0 -0.125624 -0.144422 -0.00107293 0.0167454 -2.58406e-10
2.44953 -0.48 0 0 -0.129029 -0.148639 -0.00239024 0.0329701 -4.47395e-10
2.44953 -0.47 0 0 -0.134144 -0.154631 -0.00402175 0.0485252 -7.32323e-10
2.44953 -0.46 0 0 -0.140148 -0.160537 -0.00641572 0.0629786 -1.12455e-09
2.44953 -0.45 0 0 -0.146175 -0.166111 -0.00920587 0.076862 -1.57022e-09
2.44953 -0.44 0 0 -0.151972 -0.170984 -0.0126279 0.0898379 -2.09975e-09
2.44953 -0.43 0 0 -0.157108 -0.17501 -0.016663 0.101791 -2.69686e-09
2.44953 -0.42 0 0 -0.161846 -0.178576 -0.0210274 0.113142 -3.32532e-09
2.44953 -0.41 0 0 -0.165813 -0.181368 -0.0259338 0.123366 -3.99204e-09
2.44953 -0.4 0 0 -0.169253 -0.183683 -0.0311652 0.132719 -4.6626e-09
2.44953 -0.39 0 0 -0.172331 -0.185672 -0.0366162 0.141463 -5.33374e-09
2.44953 -0.38 0 0 -0.17473 -0.18706 -0.0424352 0.148913 -5.97905e-09
2.44953 -0.37 0 0 -0.176809 -0.18816 -0.0483957 0.155686 -6.59744e-09
2.44953 -0.36 0 0 -0.178568 -0.188973 -0.0544977 0.161782 -7.18891e-09
2.44953 -0.35 0 0 -0.179774 -0.189278 -0.0607751 0.166644 -7.71108e-09
2.44953 -0.34 0 0 -0.180735 -0.189357 -0.0671022 0.17095 -8.19524e-09
2.44953 -0.33 0 0 -0.18135 -0.189114 -0.0734926 0.174463 -8.62376e-09
2.44953 -0.32 0 0 -0.181538 -0.188477 -0.0799027 0.176992 -8.97108e-09
2.44953 -0.31 0 0 -0.181505 -0.187635 -0.0863062 0.179007 -9.27291e-09
2.44953 -0.3 0 0 -0.181101 -0.186451 -0.0926764 0.18016 -9.49444e-09
2.44953 -0.29 0 0 -0.180379 -0.184975 -0.0989747 0.180569 -9.63987e-09
2.44953 -0.28 0 0 -0.179459 -0.183317 -0.105221 0.180513 -9.73681e-09
2.44953 -0.27 0 0 -0.178161 -0.181313 -0.11133 0.179568 -9.73649e-09
2.44953 -0.26 0 0 -0.176638 -0.179103 -0.117327 0.178093 -9.67494e-09
2.44953 -0.25 0 0 -0.174939 -0.176734 -0.123237 0.176204 -9.56575e-09
2.44953 -0.24 0 0 -0.172867 -0.174024 -0.128911 0.17344 -9.35219e-09
2.44953 -0.23 0 0 -0.170644 -0.171177 -0.134468 0.170323 -9.09568e-09
2.44953 -0.22 0 0 -0.168225 -0.168152 -0.139877 0.166752 -8.78393e-09
2.44953 -0.21 0 0 -0.165524 -0.16487 -0.145033 0.162533 -8.39277e-09
2.44953 -0.2 0 0 -0.162688 -0.161467 -0.150057 0.158011 -7.96447e-09
2.44953 -0.19 0 0 -0.159645 -0.157876 -0.15487 0.153024 -7.47943e-09
2.44953 -0.18 0 0 -0.156391 -0.154095 -0.159443 0.147576 -6.93891e-09
2.44953 -0.17 0 0 -0.153017 -0.150207 -0.163874 0.14187 -6.36763e-09
2.44953 -0.16 0 0 -0.149428 -0.146127 -0.168037 0.135712 -5.74323e-09
2.44953 -0.15 0 0 -0.145686 -0.141909 -0.171988 0.129241 -5.08319e-09
2.44953 -0.14 0 0 -0.141836 -0.137597 -0.175791 0.122555 -4.39869e-09
2.44953 -0.13 0 0 -0.137768 -0.133093 -0.179273 0.115448 -3.66813e-09
2.44953 -0.12 0 0 -0.133591 -0.128493 -0.182582 0.108141 -2.91666e-09
2.44953 -0.11 0 0 -0.129305 -0.123799 -0.185718 0.100635 -2.14427e-09
2.44953 -0.1 0 0 -0.124826 -0.11894 -0.188528 0.0927977 -1.3389e-09
2.44953 -0.09 0 0 -0.120262 -0.11401 -0.191185 0.0848231 -5.20358e-10
2.44953 -0.08 0 0 -0.115579 -0.108978 -0.193624 0.0766559 3.16454e-10
2.44953 -0.07 0 0 -0.110748 -0.103826 -0.195777 0.0682725 1.17271e-09
2.44953 -0.06 0 0 -0.105842 -0.0986129 -0.197777 0.059783 2.03824e-09
2.44953 -0.05 0 0 -0.100811 -0.0932993 -0.199511 0.0511247 2.91811e-09
2.44953 -0.04 0 0 -0.0956733 -0.0879041 -0.201002 0.0423389 3.80808e-09
2.44953 -0.03 0 0 -0.0904698 -0.0824589 -0.202338 0.0334768 4.70393e-09
2.44953 -0.02 0 0 -0.0851434 -0.0769234 -0.20336 0.0244869 5.60885e-09
2.44953 -0.01 0 0 -0.0797462 -0.0713387 -0.204179 0.0154367 6.51725e-09
2.44953 0 0 0 -0.0742941 -0.0657156 -0.20484 0.00633962 7.42835e-09
2.44953 0.01 0 0 -0.0687322 -0.060012 -0.205135 -0.00282482 8.34143e-09
2.44953 0.02 0 0 -0.0631301 -0.0542801 -0.205267 -0.0120009 9.25318e-09
2.44953 0.03 0 0 -0.0574762 -0.0485118 -0.20519 -0.0211918 1.01632e-08
2.44953 0.04 0 0 -0.0517589 -0.0427124 -0.204781 -0.0303688 1.10655e-08
2.44953 0.05 0 0 -0.0460167 -0.0369058 -0.204204 -0.0395249 1.19618e-08
2.44953 0.06 0 0 -0.0402398 -0.0310934 -0.203361 -0.0486393 1.28475e-08
2.44953 0.07 0 0 -0.0344433 -0.0252964 -0.202221 -0.0576727 1.37161e-08
2.44953 0.08 0 0 -0.0286405 -0.0195145 -0.200907 -0.0666493 1.4573e-08
2.44953 0.09 0 0 -0.0228387 -0.0137755 -0.199265 -0.075497 1.54042e-08
2.44953 0.1 0 0 -0.0170563 -0.00809166 -0.197365 -0.0842115 1.62093e-08
2.44953 0.11 0 0 -0.0112897 -0.00244881 -0.195283 -0.0928291 1.69956e-08
2.44953 0.12 0 0 -0.00558342 0.00307513 -0.192807 -0.101192 1.77325e-08
2.44953 0.13 0 0 7.25465e-05 0.00851481 -0.190116 -0.109388 1.84368e-08
2.44953 0.14 0 0 0.0056782 0.0138702 -0.18721 -0.117417 1.91086e-08
2.44953 0.15 0 0 0.0111525 0.019026 -0.183897 -0.125069 1.9707e-08
2.44953 0.16 0 0 0.0165494 0.0240709 -0.180393 -0.132518 2.02659e-08
2.44953 0.17 0 0 0.0218321 0.0289533 -0.176616 -0.139672 2.07674e-08
2.44953 0.18 0 0 0.0269291 0.0335846 -0.172483 -0.146378 2.11826e-08
2.44953 0.19 0 0 0.031914 0.0380682 -0.16816 -0.152823 2.15479e-08
2.44953 0.2 0 0 0.0366911 0.0422822 -0.163512 -0.158795 2.18232e-08
2.44953 0.21 0 0 0.0412426 0.046214 -0.158573 -0.164275 2.20071e-08
2.44953 0.22 0 0 0.0456439 0.0499598 -0.153451 -0.169431 2.21314e-08
2.44953 0.23 0 0 0.0497116 0.0533018 -0.147973 -0.173884 2.21293e-08
2.44953 0.24 0 0 0.0535341 0.0563563 -0.14228 -0.177836 2.20406e-08
2.44953 0.25 0 0 0.057166 0.059187 -0.13642 -0.181397 2.18847e-08
2.44953 0.26 0 0 0.0603066 0.0614586 -0.13021 -0.183975 2.15685e-08
2.44953 0.27 0 0 0.0632081 0.0634661 -0.123866 -0.186086 2.11811e-08
2.44953 0.28 0 0 0.0658021 0.0651339 -0.117348 -0.187593 2.07021e-08
2.44953 0.29 0 0 0.0678704 0.0662385 -0.110608 -0.188088 2.00819e-08
2.44953 0.3 0 0 0.0696599 0.0670509 -0.103776 -0.188051 1.93932e-08
2.44953 0.31 0 0 0.0710011 0.0673974 -0.0968131 -0.187163 1.85982e-08
2.44953 0.32 0 0 0.0718186 0.0672166 -0.089764 -0.185291 1.76957e-08
2.44953 0.33 0 0 0.0723231 0.0667251 -0.0826808 -0.182833 1.67338e-08
2.44953 0.34 0 0 0.072228 0.0656493 -0.0755746 -0.179256 1.56692e-08
2.44953 0.35 0 0 0.0716509 0.0641186 -0.0685116 -0.174788 1.45396e-08
2.44953 0.36 0 0 0.0707345 0.0622691 -0.0614856 -0.169692 1.33662e-08
2.44953 0.37 0 0 0.0690649 0.0597298 -0.0546256 -0.163222 1.21215e-08
2.44953 0.38 0 0 0.0669715 0.0568101 -0.047914 -0.156011 1.08559e-08
2.44953 0.39 0 0 0.0644544 0.0535101 -0.0413506 -0.148057 9.56956e-09
2.44953 0.4 0 0 0.0610728 0.0494393 -0.0351908 -0.13871 8.28433e-09
2.44953 0.41 0 0 0.0572469 0.0449715 -0.0292766 -0.128722 7.01956e-09
2.44953 0.42 0 0 0.0527766 0.0399279 -0.023727 -0.117818 5.78875e-09
2.44953 0.43 0 0 0.0473952 0.0340828 -0.0187911 -0.105761 4.65339e-09
2.44953 0.44 0 0 0.0415504 0.0278524 -0.0142289 -0.0931002 3.58574e-09
2.44953 0.45 0 0 0.0349456 0.021021 -0.010363 -0.0794275 2.65519e-09
2.44953 0.46 0 0 0.0280867 0.014201 -0.00721453 -0.0648918 1.88257e-09
2.44953 0.47 0 0 0.0212587 0.00761466 -0.00451564 -0.0498209 1.20974e-09
2.44953 0.48 0 0 0.0154547 0.00262778 -0.00268106 -0.0337497 7.32979e-10
2.44953 0.49 0 0 0.0115928 -0.000532655 -0.00120219 -0.0170998 4.18869e-10
