## Dim : 2
## Size : 67
## Type : PointChain
## Closed : 1
128.20655244,815.0344063
138.46394079,802.47140787
153.20655118,796.46297953
172.49225953,803.60583307
189.63511937,807.17725984
207.90120945,807.02456693
186.77797039,782.89141417
171.0636926,757.89142677
159.63512315,740.74858583
147.49226079,717.89143937
128.20655244,692.89141417
117.49226079,682.17713386
136.06369134,687.17714646
148.20654992,692.89141417
165.3494022,714.3200126
183.20655118,730.03430551
199.63512189,749.3200252
213.92082898,769.32
229.63512189,795.03428031
236.77797165,807.17714646
238.9208315,783.60570709
239.63512063,755.03429291
237.49226079,729.3200126
241.06369134,707.17715906
237.49226079,684.3200126
238.20654992,672.17714646
214.27803969,659.54815748
225.3494022,650.03429291
242.77238929,640.49858268
255.34939843,648.60574488
264.63511937,649.32
273.92082898,675.03428031
273.20655118,725.03429291
273.92082898,753.60571087
273.20655118,768.60570709
298.9208315,740.03429291
325.34940094,713.60571969
350.34939969,692.89141417
370.34939717,676.46286614
393.92084409,675.74857323
401.06369764,683.60571969
413.9208189,684.3200126
437.49225827,681.46287874
433.9208315,690.74857323
439.63513701,693.60570709
421.77796535,697.89142677
392.49225827,711.46287874
377.49225827,722.89141417
351.77797039,740.03429291
316.77796913,767.89141417
293.20654866,800.74858583
291.06368882,807.89143937
309.63511937,818.60571969
342.49226079,833.60571969
366.77797039,844.32
366.06368882,866.46285354
353.92083024,882.89142803
343.92082772,881.4628611
338.92083024,868.60573228
326.77796787,852.89143937
309.63511937,843.60570709
291.06368882,826.46286614
281.77797165,821.46285354
276.77797039,823.60573228
276.06368882,859.32
276.06368882,890.74857827
269.63512063,911.4628611
256.06369134,920.03428913
233.92083024,924.32000882
228.20655118,920.03428913
228.20655118,909.32000882
233.20654866,885.74858079
237.49226079,861.46287874
237.49226079,825.03428031
226.77796913,837.89143937
219.63511937,829.32
208.9208315,823.60573228
196.77796913,820.03430551
176.06369008,823.60573228
158.20655244,824.3200252
144.27023622,820.78285984
